62
66
72
88
130
181
217
236
241
226
192
136
84
81
0
160
204
231
242
247
248
248
248
247
241
225
202
185
184
188
191
192
192
192
191
192
211
251
311
386
451
498
530
549
556
551
543
542
548
556
561
559
551
540
528
514
500
497
511
533
550
560
568
574
574
559
523
474
432
418
441
483
526
557
571
575
576
576
576
575
566
537
491
514
696
868
955
985
955
861
648
0
258
246
245
242
238
238
242
244
241
231
217
210
218
233
233
210
154
91
70
81
143
193
203
178
0
82
98
103
0
0
0
0
117
0
0
0
0
0
124
0
0
0
121
151
0
0
0
0
0
0
0
0
0
0
0
0
0
0
0
0
0
0
0
0
0
0
0
0
0
0
0
0
0
0
0
0
0
0
0
0
0
0
0
0
0
0
0
0
0
0
0
0
0
0
0
0
0
0
0
0
0
0
0
0
0
0
0
0
0
0
0
0
0
0
0
0
0
0
534
0
0
0
0
0
0
0
0
0
0
0
0
0
0
0
0
0
138
0
0
0
124
0
0
143
0
0
0
101
0
0
0
94
112
0
0
0
0
0
139
0
0
107
135
0
0
0
0
0
0
0
0
0
0
56
0
0
0
0
0
0
0
0
0
0
0
0
213
207
0
0
0
0
0
0
0
0
0
0
0
117
108
0
0
0
0
0
0
0
0
0
0
0
0
0
0
321
312
0
0
0
0
0
0
0
0
0
0
0
0
86
0
0
0
323
0
152
258
0
433
0
0
0
0
0
0
0
5
5
0
0
0
0
0
0
0
0
136
0
0
0
126
0
0
127
0
0
0
110
0
0
0
0
0
0
0
0
0
0
168
0
0
131
0
0
0
0
0
0
0
0
0
45
58
0
0
0
5
0
0
0
0
0
0
0
0
0
255
0
0
0
0
0
0
0
0
0
0
147
139
0
0
0
0
277
298
295
269
228
0
0
0
0
0
0
0
0
277
327
281
0
0
0
124
0
0
0
0
0
0
0
0
0
0
277
0
0
253
0
0
359
0
0
0
0
7
5
0
4
0
0
0
38
0
0
0
0
0
118
0
0
121
0
0
0
130
32
0
123
0
0
0
0
0
0
157
172
125
0
181
0
107
108
0
0
0
0
0
0
0
0
0
58
0
0
0
7
0
0
0
0
0
0
0
0
0
0
266
0
0
0
0
0
0
0
0
152
167
150
0
0
247
299
301
0
0
0
0
0
0
0
0
0
0
0
0
0
0
0
307
310
0
0
0
117
0
0
0
0
0
0
0
0
0
257
0
0
224
0
0
377
0
0
0
0
5
7
4
0
3
0
0
0
41
38
0
0
0
116
0
0
118
0
0
0
124
32
0
141
0
0
0
0
184
200
190
0
0
236
0
0
100
0
0
0
0
0
0
0
0
0
56
49
0
0
7
0
0
0
0
0
0
0
0
0
0
0
268
0
0
0
0
0
0
138
168
156
0
0
0
0
287
0
0
0
0
0
0
0
0
0
0
4
4
0
0
0
0
0
0
278
321
0
0
0
117
0
0
63
0
0
0
0
0
244
0
0
197
0
406
0
0
0
0
0
0
4
5
0
1
0
0
0
0
46
38
0
0
97
0
0
119
0
0
0
113
0
0
162
0
0
0
233
214
0
0
0
0
248
0
0
77
0
0
0
0
0
0
0
0
47
56
0
0
0
0
0
0
0
0
0
0
0
0
0
0
0
270
0
0
0
0
0
155
172
0
0
0
0
0
0
315
0
0
0
0
0
0
0
0
0
0
0
4
4
4
0
0
0
0
0
250
309
0
0
143
0
0
0
0
0
0
211
205
226
0
0
0
0
494
0
0
63
0
0
0
0
4
4
0
0
0
0
0
0
50
42
0
84
0
0
119
0
0
0
97
0
0
184
0
249
271
217
0
0
0
0
275
0
0
84
0
0
0
0
0
0
0
0
0
57
0
0
0
0
0
0
0
0
0
0
0
0
4
0
0
0
274
0
0
0
0
155
169
0
0
0
0
0
0
0
310
0
0
0
0
0
0
0
0
0
0
0
0
4
0
0
0
0
0
0
0
343
0
0
109
116
83
0
86
0
0
275
297
0
0
0
0
382
489
0
0
66
0
0
0
4
4
5
0
0
0
0
0
0
0
54
0
81
0
0
113
0
0
0
69
0
0
0
290
316
0
0
0
0
0
0
266
0
0
66
0
0
0
0
0
0
0
0
50
52
0
0
7
0
0
0
0
4
4
4
4
4
4
0
0
0
275
0
0
0
132
154
0
0
0
42
0
0
0
0
322
0
0
0
0
0
0
0
0
0
0
0
0
0
0
4
4
4
0
0
0
335
0
0
0
0
82
0
0
0
0
0
324
0
0
528
423
369
371
0
0
0
64
0
0
0
0
5
7
5
0
0
0
0
0
0
0
88
0
88
94
0
0
60
0
0
0
0
390
0
0
0
0
24
0
0
236
0
0
0
0
0
0
0
0
0
0
0
56
0
0
0
0
4
4
4
4
4
4
4
0
0
0
0
0
0
258
253
0
157
156
0
0
0
0
0
0
0
0
330
296
0
0
0
0
0
0
0
0
0
0
0
0
0
0
0
0
0
0
0
0
320
0
0
0
0
0
0
0
0
0
0
0
415
536
0
0
0
269
0
0
0
66
0
0
0
0
0
5
8
0
0
0
0
0
0
0
82
67
80
0
0
0
54
0
61
0
0
441
0
0
0
0
32
0
226
0
0
87
0
0
0
0
0
0
0
0
0
50
0
0
8
0
4
4
0
0
0
0
0
0
0
0
0
0
0
0
226
215
0
0
0
0
0
0
0
0
0
359
362
0
0
0
0
0
0
0
0
0
0
0
0
0
0
0
0
0
0
0
0
0
342
0
0
0
0
0
0
157
166
207
233
253
313
0
0
253
0
226
0
0
0
0
61
0
5
5
0
0
7
7
0
0
0
0
0
0
0
0
0
0
0
46
0
0
57
0
0
459
0
0
0
0
0
0
244
0
0
0
87
0
0
5
0
0
0
0
52
0
0
0
0
0
0
0
0
0
0
0
0
0
0
0
0
0
0
0
0
0
0
0
0
0
0
0
419
423
426
395
0
0
123
116
116
117
118
118
118
118
119
119
117
117
118
116
0
0
0
0
0
0
354
0
0
0
116
144
159
148
0
0
0
0
0
0
0
174
179
178
0
0
0
0
65
0
0
0
6
0
7
8
0
0
0
0
0
0
0
0
0
0
0
48
0
50
0
0
0
462
0
0
0
0
0
0
247
0
0
0
101
0
0
6
0
0
0
0
50
0
0
8
0
0
0
0
0
0
0
0
0
0
0
0
0
0
0
568
556
534
512
497
488
483
473
446
0
0
0
0
0
0
0
0
0
0
0
0
0
0
0
0
0
0
0
0
115
119
118
117
120
0
346
407
0
0
0
0
0
0
0
0
0
0
0
0
0
0
0
0
0
0
30
0
0
58
0
0
5
0
8
11
9
0
0
0
0
0
0
0
0
0
40
0
0
51
0
0
0
457
0
0
0
0
0
0
229
0
0
0
120
0
0
0
0
0
0
44
43
0
0
0
0
0
0
0
0
0
0
0
0
552
583
595
601
595
571
0
0
0
0
0
0
0
0
0
0
0
0
0
0
0
0
0
0
0
0
0
0
0
0
0
0
0
0
0
0
0
0
0
0
0
0
432
483
435
0
0
0
0
0
0
0
0
0
15
0
0
0
8
0
0
27
0
0
63
0
0
7
0
0
9
11
0
0
0
0
3
0
0
0
28
43
0
43
39
0
0
0
453
0
0
0
0
0
0
187
0
0
0
141
0
0
0
0
0
55
56
0
0
0
0
0
0
0
0
0
0
0
594
590
0
0
0
0
0
0
0
0
0
0
0
0
0
0
0
0
0
0
0
0
0
0
0
0
0
0
0
0
0
0
0
0
0
0
0
0
0
0
0
0
0
0
0
0
536
577
561
0
0
0
0
0
0
0
0
0
14
14
14
0
0
0
0
0
54
0
0
0
7
0
0
11
0
8
10
0
0
0
0
0
38
0
0
43
0
0
0
0
452
0
0
0
0
0
0
129
0
0
0
147
0
40
39
44
55
55
0
12
12
0
0
0
0
0
0
566
595
547
0
0
0
0
0
0
0
0
0
0
0
0
0
0
0
0
0
4
0
0
0
0
0
0
0
4
4
0
0
0
0
0
0
0
0
0
0
0
0
0
0
0
0
0
0
0
0
0
0
559
576
544
0
0
0
0
0
0
0
0
0
0
0
0
26
0
0
51
0
0
7
0
0
9
8
0
13
0
0
0
0
0
33
0
39
30
0
0
0
0
452
0
0
0
0
21
0
0
67
0
179
0
0
0
0
0
0
0
0
0
0
0
0
0
0
574
589
512
0
0
0
0
0
0
0
0
0
4
4
0
0
0
0
0
4
0
0
4
4
4
4
4
4
4
4
4
0
0
0
0
0
0
0
0
0
0
0
0
0
0
4
0
0
0
0
0
0
0
0
0
0
0
566
571
521
0
0
0
0
0
0
0
0
0
22
0
0
51
0
0
0
7
0
8
8
0
13
13
0
0
0
0
26
31
29
0
0
0
0
0
452
0
0
0
0
13
0
0
0
172
0
0
39
0
0
38
0
0
0
0
0
0
0
546
594
506
0
0
0
0
0
0
4
4
4
4
0
0
0
4
4
0
0
0
0
0
0
0
4
4
4
4
4
4
4
0
0
0
0
0
0
0
0
0
0
0
0
0
0
0
0
0
0
0
0
0
0
0
0
0
0
0
0
0
0
567
551
0
0
0
0
0
0
0
0
30
0
0
52
0
5
7
0
0
8
0
0
13
0
4
0
0
0
0
0
0
4
0
0
0
451
0
0
0
0
0
0
0
148
177
0
0
0
0
57
34
0
0
0
0
0
440
561
525
0
0
0
0
0
0
0
0
0
0
4
4
4
4
0
0
0
4
4
0
0
0
0
0
0
0
0
0
0
0
0
0
0
0
0
0
0
0
0
0
0
0
0
0
0
0
0
0
0
0
0
0
0
0
0
0
0
0
0
0
0
0
0
546
564
0
0
0
0
0
0
0
0
0
55
0
0
0
0
0
7
0
0
11
0
0
0
0
0
0
4
0
0
0
0
0
446
0
0
0
5
0
0
0
180
0
0
0
0
73
48
0
0
0
0
0
398
457
0
0
0
0
0
0
0
0
0
0
0
0
0
0
0
0
4
4
0
0
0
4
4
0
0
0
0
0
0
0
0
0
0
0
0
0
0
0
0
0
0
0
0
0
0
0
0
0
0
0
0
0
0
0
0
0
0
0
0
0
0
0
0
0
0
0
0
519
561
513
0
0
0
0
0
0
0
47
0
0
7
0
0
0
0
11
11
0
0
0
0
4
5
0
0
0
0
0
431
0
0
0
0
0
0
159
171
0
0
0
74
55
0
0
0
0
0
0
315
0
0
0
502
509
464
371
0
0
0
0
0
0
0
0
0
0
0
0
4
4
0
0
4
4
0
0
0
0
0
0
0
0
0
0
0
0
0
0
0
0
0
0
0
0
0
0
0
0
0
0
0
0
0
0
0
0
0
0
0
0
0
0
0
0
0
0
0
0
0
513
560
481
0
0
0
0
0
56
0
0
8
0
8
0
0
0
11
9
0
0
0
0
6
0
0
0
0
0
394
0
0
37
32
0
0
180
0
0
0
66
65
0
0
20
0
0
0
0
278
378
464
484
0
0
0
0
0
0
0
0
0
0
0
0
0
0
0
0
0
4
4
0
0
4
4
0
0
0
0
0
0
0
0
0
0
0
0
0
0
0
0
0
0
0
0
0
0
0
0
0
0
0
0
0
0
0
0
0
0
0
0
0
0
0
0
0
0
0
0
0
0
541
542
0
0
0
0
53
0
0
0
0
0
8
0
0
9
11
8
0
0
0
5
5
0
0
0
0
341
0
0
0
0
0
143
161
0
0
0
73
0
0
0
0
0
0
0
0
0
0
0
0
0
0
0
396
0
0
0
16
16
0
0
0
0
0
0
0
0
0
4
4
0
0
4
4
0
0
0
0
0
0
0
0
0
0
0
0
0
0
0
0
0
0
0
0
0
0
0
0
0
0
0
0
0
0
0
0
0
0
4
4
4
4
4
4
0
0
0
0
0
0
471
552
489
0
0
0
50
0
0
9
0
0
0
0
0
8
8
7
0
0
0
7
0
0
0
0
305
0
0
0
0
0
145
0
0
0
72
53
0
19
0
0
0
0
0
0
0
0
0
0
0
514
481
0
0
0
0
0
16
16
16
16
14
0
0
0
0
0
0
4
4
0
0
4
0
0
0
0
0
0
0
0
0
0
0
0
0
0
0
0
0
0
0
0
0
0
0
0
0
0
0
0
0
0
0
0
4
4
4
4
4
4
4
4
4
4
0
0
0
0
0
0
545
534
0
0
0
0
0
11
9
0
0
0
6
0
7
7
0
0
0
8
0
0
0
0
309
0
0
0
0
0
153
0
0
0
74
0
0
0
0
0
65
69
63
55
0
0
0
410
511
438
0
0
0
15
16
0
0
0
0
14
14
0
0
0
0
0
0
0
4
4
0
0
4
0
0
0
0
0
0
0
0
0
0
0
0
0
0
0
0
0
0
0
0
0
0
0
0
0
0
0
0
0
4
4
0
0
0
4
4
4
4
4
4
4
4
4
0
0
0
0
0
536
554
0
0
0
0
9
11
11
0
0
0
0
7
8
0
0
0
10
0
0
0
0
356
0
0
80
74
0
163
0
0
67
61
0
0
0
63
69
62
0
0
0
0
0
410
495
0
0
0
0
0
16
17
16
16
16
14
14
14
14
14
0
0
0
0
0
0
4
4
0
4
4
0
0
0
0
0
0
0
0
0
0
0
0
0
0
0
0
0
0
0
0
0
0
0
0
0
0
4
4
0
0
0
4
4
4
0
0
0
0
0
0
0
0
0
0
0
0
0
0
530
531
0
0
0
0
11
11
11
11
9
0
0
8
7
0
0
13
0
0
0
0
406
0
0
0
0
0
0
177
0
0
0
0
72
73
65
0
0
0
0
0
0
405
485
0
0
0
0
16
16
16
17
0
0
14
14
14
14
14
15
15
14
0
0
0
0
0
4
4
0
4
0
0
0
0
0
0
0
0
0
0
0
0
0
0
0
0
0
0
0
0
0
0
0
0
4
4
0
0
0
4
4
0
0
0
0
0
0
0
0
0
0
0
0
0
0
0
0
0
0
533
0
0
0
0
0
0
0
0
8
0
0
7
7
0
0
13
0
0
0
0
430
0
0
59
0
0
0
196
0
0
0
83
82
0
0
0
0
0
0
0
397
483
0
0
0
0
16
16
16
16
17
0
0
0
0
0
0
0
0
14
15
14
0
0
0
0
0
4
0
0
4
0
0
0
0
0
0
0
0
0
0
0
0
0
0
0
0
0
0
0
0
0
0
4
4
0
0
4
4
0
0
0
0
0
0
0
0
0
0
0
0
0
0
0
0
0
0
0
0
0
505
0
0
0
0
10
0
0
0
8
0
7
7
0
0
13
0
0
0
0
444
0
0
61
0
0
0
0
225
0
0
85
0
0
0
0
0
0
0
0
481
0
0
0
0
15
16
16
16
16
17
17
17
17
17
17
17
0
0
0
0
13
11
0
0
0
0
0
4
0
4
0
0
0
0
0
0
0
0
0
0
0
0
0
0
0
0
0
0
0
0
0
4
4
0
4
4
0
0
0
0
0
0
0
0
0
0
0
15
16
16
16
16
16
15
13
12
0
0
0
522
0
0
0
0
11
11
0
0
8
0
0
0
0
0
0
16
0
0
0
459
0
0
0
0
0
0
0
214
176
0
0
0
0
0
0
0
0
0
481
384
0
0
0
12
0
0
16
0
0
0
17
17
17
0
0
16
16
15
0
0
0
13
0
0
0
0
0
4
0
4
4
0
0
0
0
0
0
0
0
0
0
0
0
0
0
0
0
0
0
0
4
4
0
4
4
0
0
0
0
0
0
0
14
14
0
0
0
0
16
16
16
0
0
0
0
0
12
0
0
506
0
0
0
0
11
12
0
0
0
0
0
0
0
0
0
19
0
0
0
483
0
59
0
0
0
0
0
0
187
0
0
0
0
0
0
0
0
472
412
0
0
0
10
12
0
0
0
0
0
0
0
0
15
15
0
0
15
15
17
0
0
13
13
0
0
0
0
4
4
0
4
0
0
0
0
0
0
0
0
0
0
0
0
0
0
0
0
0
0
4
4
0
4
4
0
0
0
0
0
0
14
16
16
14
15
16
16
16
16
16
16
0
0
0
0
0
0
0
0
0
469
0
0
0
0
12
11
11
0
0
0
0
0
0
0
21
0
0
0
510
0
0
96
49
85
0
0
0
170
0
0
0
0
0
0
0
446
446
0
0
0
0
8
10
0
0
0
0
0
0
0
0
0
15
0
0
0
0
16
14
0
12
12
0
0
0
0
0
4
0
4
0
0
0
0
0
0
0
0
0
0
0
0
0
0
0
0
0
4
4
0
4
4
0
0
0
0
0
13
0
14
14
0
0
15
0
0
0
0
16
16
0
0
0
0
0
0
0
0
0
493
0
0
0
0
11
11
12
0
0
8
0
0
0
0
23
0
0
0
511
0
0
76
0
73
66
0
0
159
0
0
0
0
0
0
391
472
0
0
0
0
0
8
8
0
0
0
0
0
0
11
0
0
0
0
14
16
0
0
15
0
0
12
12
0
0
0
0
4
0
4
0
0
0
0
0
0
0
0
0
0
0
0
0
0
0
0
0
0
0
0
0
0
0
0
0
0
15
14
0
0
14
14
15
0
0
0
0
0
0
0
0
0
0
0
0
0
0
0
0
499
0
0
0
0
0
0
12
0
0
0
0
7
0
0
25
0
0
0
480
0
0
0
0
0
80
0
0
178
0
0
0
0
0
0
474
0
0
0
0
8
8
8
0
0
0
0
0
0
0
0
0
0
0
0
0
16
16
0
0
15
0
0
12
0
0
0
0
4
4
0
0
0
0
128
147
159
166
166
160
149
131
0
0
0
0
0
0
0
0
0
0
0
0
0
0
15
14
0
0
15
16
14
0
0
16
16
15
0
0
0
0
0
0
0
276
227
0
0
0
484
0
0
0
0
0
0
12
0
0
9
0
7
0
0
26
0
0
0
438
0
0
30
46
0
50
0
0
186
0
0
0
0
0
433
447
0
0
0
0
8
8
0
0
0
0
0
0
0
0
0
0
12
0
0
0
0
16
0
0
14
14
0
13
0
0
0
0
4
0
0
0
103
112
0
0
0
0
0
0
0
0
121
139
143
140
137
138
145
146
0
0
0
0
0
14
14
0
0
0
15
0
0
14
15
14
0
15
16
15
12
0
0
216
0
0
364
0
0
0
0
443
0
0
0
0
0
12
0
10
10
0
7
0
0
25
0
0
0
400
0
0
0
38
0
0
0
166
151
0
0
0
0
0
482
0
0
0
12
0
8
8
0
0
0
0
0
0
0
0
0
0
11
11
0
0
0
15
0
0
15
0
0
14
0
0
0
0
4
0
0
0
87
0
0
0
138
149
148
136
0
0
0
0
0
0
0
0
0
0
141
153
109
0
0
14
14
0
0
15
15
0
0
14
0
0
0
0
0
0
12
0
0
0
317
0
0
408
0
0
0
459
0
0
0
0
0
11
11
0
0
0
0
0
0
24
0
0
0
400
0
0
0
0
42
0
0
145
0
0
0
0
0
444
442
0
0
0
12
0
8
8
0
0
0
0
0
0
0
0
0
0
0
12
0
0
13
0
15
0
16
0
0
13
0
0
0
0
4
0
0
0
91
117
128
119
0
0
0
0
124
133
140
141
136
128
120
116
0
0
0
0
114
0
0
14
14
0
14
15
0
0
0
0
0
13
0
0
0
0
0
11
0
0
305
346
0
345
415
0
0
461
0
0
0
0
11
0
11
11
0
0
8
0
0
23
0
0
0
424
0
0
0
0
0
0
137
0
0
0
0
0
0
489
0
0
0
0
13
0
0
0
0
0
0
0
0
0
0
0
0
8
0
12
12
12
12
0
16
16
16
0
12
12
12
12
0
0
4
4
0
0
0
0
0
0
0
0
0
0
0
0
0
0
0
0
0
0
120
149
155
112
82
0
0
0
0
0
14
14
0
0
11
11
11
11
0
0
8
8
0
0
10
0
0
379
0
0
390
362
0
416
0
0
0
0
11
11
0
11
0
0
8
0
0
22
0
0
0
463
0
0
0
0
0
0
138
156
0
0
0
0
0
466
0
0
0
0
0
0
0
0
0
0
0
0
0
0
0
0
0
0
0
0
12
12
0
0
15
0
16
0
0
13
0
0
0
0
4
4
0
4
0
0
0
0
0
0
0
0
0
0
0
0
0
0
0
0
0
0
0
0
91
0
0
0
13
13
14
14
0
11
11
11
11
0
0
0
8
8
8
0
0
0
0
0
417
0
0
394
0
0
353
0
0
0
0
11
11
0
0
8
8
0
0
22
0
0
0
485
0
0
75
68
0
0
0
158
0
0
0
0
483
0
0
0
0
0
0
0
0
95
113
128
124
0
0
0
0
0
0
0
11
0
12
12
0
14
14
0
15
0
0
14
0
0
0
0
4
0
4
4
0
0
0
0
0
0
0
0
0
0
0
0
4
4
0
0
0
0
0
0
0
0
0
12
13
13
13
0
0
11
11
11
11
0
0
0
0
8
0
0
5
0
0
0
379
386
0
0
306
0
283
0
0
0
0
0
12
0
0
8
8
0
0
21
0
0
0
458
0
114
0
99
0
0
0
124
146
0
0
0
459
0
0
0
0
0
0
0
0
0
0
0
150
178
163
142
0
0
0
0
0
0
0
0
0
14
14
0
14
14
14
14
0
0
0
0
4
0
4
0
0
0
0
0
0
0
0
0
0
0
0
0
4
4
4
4
0
0
0
0
14
0
0
12
12
12
12
12
0
0
0
0
0
0
0
5
0
0
0
0
0
0
0
0
0
431
0
0
0
0
0
0
0
12
0
0
12
12
0
8
8
0
0
20
0
0
0
405
0
0
0
0
82
0
0
0
145
0
0
0
365
0
0
0
0
0
0
130
178
192
186
0
0
0
0
0
121
100
94
109
0
0
0
0
0
0
0
0
15
0
14
14
0
0
0
4
4
0
4
0
0
0
0
0
0
0
0
0
0
0
0
0
4
4
4
4
0
0
0
0
13
0
0
12
0
13
0
0
0
0
8
8
8
0
0
4
0
0
0
4
0
0
0
0
0
400
0
0
0
0
0
0
0
0
0
0
12
12
0
8
8
0
0
19
0
0
0
410
0
0
0
0
94
0
0
137
153
0
0
0
309
416
442
387
0
0
0
0
0
0
288
230
0
0
0
0
86
0
0
0
110
121
99
84
0
0
0
0
0
0
15
0
0
0
0
4
0
4
4
0
0
0
0
0
0
0
0
0
0
0
0
0
4
4
4
0
0
0
0
0
12
12
0
13
0
14
0
0
0
8
8
8
8
0
0
0
0
0
0
4
4
0
8
0
0
0
434
0
0
0
0
0
41
33
0
0
0
12
0
0
8
0
0
17
0
0
0
477
0
0
98
0
70
0
0
175
0
0
0
0
0
0
0
0
521
0
0
0
0
0
408
0
0
0
0
0
109
0
0
0
0
74
0
0
124
122
0
0
0
15
0
0
0
0
4
4
0
4
0
0
0
0
0
0
0
0
0
0
0
0
0
0
4
4
4
0
0
0
0
0
12
12
0
15
0
13
0
0
8
8
8
8
8
8
0
0
0
0
0
4
4
0
8
0
0
0
432
0
0
0
73
0
0
48
0
0
0
12
0
0
8
0
0
16
0
0
0
508
0
0
99
0
0
0
154
161
0
0
0
0
0
0
0
0
576
0
0
0
0
0
414
0
155
0
0
0
112
0
0
84
55
85
0
0
0
164
154
0
0
15
0
0
0
0
4
0
0
4
0
0
0
0
0
0
0
0
0
0
0
0
0
4
4
4
4
0
0
8
0
0
12
0
0
15
0
12
12
0
0
8
8
8
8
0
0
0
0
0
0
0
0
0
0
0
0
0
0
410
0
0
64
72
0
0
35
0
0
12
0
0
8
0
0
16
0
0
0
500
0
0
85
84
0
0
148
0
0
0
0
0
0
0
0
588
0
0
0
0
0
436
0
0
168
0
0
0
0
128
0
0
0
66
0
109
79
0
193
0
0
0
0
0
0
0
4
0
4
0
0
0
0
0
0
0
0
0
0
0
0
0
0
4
4
4
4
0
0
8
0
0
12
0
0
13
0
12
0
11
0
0
8
8
8
0
0
0
0
0
0
0
0
0
0
0
0
0
0
433
0
0
0
73
0
0
47
0
0
12
0
8
8
0
0
16
0
0
0
467
0
0
0
78
0
136
0
0
0
16
0
0
0
0
0
601
0
0
0
0
0
440
0
0
0
163
0
0
0
108
0
0
0
0
0
123
0
0
167
196
0
0
0
0
0
4
0
0
4
0
0
0
0
0
0
0
0
0
0
0
0
0
0
4
4
4
4
0
0
0
0
12
0
0
12
12
12
12
0
11
11
0
0
0
0
0
0
0
0
0
0
0
0
0
0
116
118
0
0
418
0
0
0
54
67
0
41
28
0
12
0
8
8
0
0
17
0
0
0
443
0
0
0
0
0
162
0
0
0
0
24
37
48
0
0
594
0
0
0
0
0
427
0
0
0
163
149
0
0
0
0
0
0
0
0
0
0
0
0
204
0
0
0
0
0
4
0
4
0
0
0
0
0
0
0
0
0
0
0
0
0
0
0
4
4
0
0
0
0
0
0
0
0
0
12
12
12
12
0
0
0
0
51
65
80
105
115
105
97
112
131
143
150
148
0
0
0
0
0
0
403
0
0
0
61
0
0
32
0
12
0
8
8
0
0
19
0
0
0
418
0
107
0
0
0
142
162
0
0
0
42
0
60
0
0
568
0
0
0
0
0
419
0
0
0
0
175
142
0
0
317
398
407
423
378
0
0
0
0
189
245
0
0
0
4
0
0
4
0
0
0
0
0
0
0
0
0
0
0
0
0
0
0
0
0
0
0
0
0
0
0
0
0
0
0
12
13
0
0
0
0
88
0
0
0
0
0
0
0
0
0
0
0
0
124
0
0
174
155
0
468
0
0
0
0
48
0
25
0
11
0
8
8
0
0
20
0
0
0
395
0
0
104
0
0
0
162
0
0
0
53
0
56
0
0
0
625
0
0
0
0
422
0
0
0
0
142
169
168
0
327
0
0
0
374
316
0
0
0
0
303
0
0
4
4
0
4
0
0
0
0
0
0
4
0
0
0
0
0
0
0
0
0
0
0
0
0
0
258
276
0
0
0
0
0
0
14
0
0
0
143
122
0
0
0
0
52
76
63
98
0
0
0
0
0
264
204
188
0
0
502
0
0
0
0
37
27
0
0
10
0
8
0
0
0
19
0
0
0
396
0
0
88
59
0
0
160
0
0
0
0
58
0
72
0
0
604
545
0
0
0
433
0
0
0
0
0
0
0
212
262
0
0
0
0
334
0
0
162
0
342
0
0
0
0
4
4
0
0
0
0
0
4
4
4
0
0
0
0
0
0
274
286
0
0
0
0
337
393
0
272
0
0
0
11
0
0
0
0
172
155
0
112
0
0
0
0
0
0
116
0
0
124
102
0
377
0
0
0
0
553
0
0
0
0
20
18
0
0
11
0
0
0
0
0
16
0
0
0
430
0
0
0
79
0
0
174
0
0
0
0
75
0
82
0
0
0
628
0
0
0
432
0
0
0
0
0
0
0
0
211
0
0
0
0
281
0
152
152
0
363
0
0
0
4
4
0
0
0
0
0
4
4
0
4
0
0
0
0
0
383
376
0
0
0
0
359
440
0
0
364
0
0
0
12
0
0
0
190
165
0
0
0
0
0
0
0
0
120
109
0
0
173
0
0
437
0
0
0
0
572
0
0
0
0
0
13
0
0
11
0
0
0
0
13
0
0
0
0
456
0
0
0
60
0
0
186
0
0
0
0
79
0
70
0
0
0
602
559
0
0
386
426
0
0
0
0
0
0
0
188
0
0
0
208
0
0
0
0
0
0
379
0
0
4
0
0
0
0
0
0
0
0
0
0
0
0
0
361
440
392
0
0
270
0
340
440
0
0
379
0
0
0
0
0
0
0
224
195
0
0
0
0
419
442
418
0
0
112
0
0
147
180
0
0
453
0
0
0
591
0
0
0
0
0
0
14
0
10
0
8
8
0
0
12
0
0
0
0
476
0
0
0
0
60
163
178
0
0
0
0
76
0
0
96
0
0
0
634
0
0
0
407
444
0
0
0
19
0
0
172
0
0
0
185
0
0
0
0
0
0
387
0
0
0
0
0
0
0
0
0
0
0
0
0
0
0
420
442
0
0
0
323
0
0
421
0
0
0
441
0
0
0
0
0
0
0
272
0
0
0
0
377
371
0
411
366
0
0
0
147
168
0
0
0
436
0
0
0
609
0
0
0
74
63
0
0
0
0
0
8
8
0
0
12
0
0
0
0
499
0
0
0
0
0
0
160
0
0
0
0
72
0
0
82
0
0
0
588
589
0
0
0
345
394
0
0
19
0
0
148
143
0
147
158
0
0
0
0
0
396
0
0
0
0
0
0
0
0
0
0
0
0
0
0
0
449
412
0
0
0
301
0
0
390
290
0
0
0
415
0
0
0
0
0
0
328
266
0
0
0
338
372
0
0
0
350
0
0
154
169
0
0
0
429
0
0
0
0
618
0
0
0
0
55
45
0
0
0
8
8
8
0
7
0
0
0
0
0
516
0
0
59
0
0
0
0
0
0
0
0
68
0
0
0
109
0
0
0
635
531
0
0
0
399
0
0
0
0
0
0
139
132
141
0
0
0
0
0
0
419
0
0
0
0
0
0
216
0
0
0
0
0
0
383
453
369
0
0
0
0
227
0
331
273
0
0
0
435
0
0
0
0
0
0
0
372
0
0
0
0
357
0
0
0
298
0
0
153
172
0
0
0
0
454
0
0
0
532
596
0
0
0
0
0
0
0
0
0
7
0
7
7
7
0
0
0
0
0
513
0
0
0
0
372
419
526
0
0
0
0
67
0
0
0
86
117
0
0
0
641
0
0
405
379
0
0
0
14
13
0
0
0
0
0
0
17
0
0
0
441
0
0
0
0
0
276
0
169
217
0
0
0
400
445
0
0
0
0
0
188
0
241
242
0
0
0
0
445
0
0
0
0
0
0
0
375
0
0
0
0
308
0
0
0
258
0
0
0
0
0
0
0
0
463
0
0
0
629
0
0
0
0
63
58
0
0
0
7
0
0
7
7
7
0
0
0
0
0
474
0
0
0
265
358
0
433
538
0
0
0
71
0
0
41
0
118
0
0
0
537
582
0
300
0
0
0
0
0
0
0
0
0
0
0
0
17
0
0
0
450
0
0
0
0
0
352
0
275
0
0
0
401
438
0
0
0
0
0
118
0
144
192
0
0
0
0
0
417
0
0
4
0
0
0
368
0
0
0
0
0
241
0
0
0
212
0
0
0
0
0
0
0
431
0
0
0
615
557
0
0
0
63
63
0
0
10
15
9
6
0
7
7
7
0
0
0
0
0
418
0
0
0
254
0
0
0
485
460
0
0
67
0
0
51
0
100
0
0
0
0
517
444
0
234
187
0
0
0
0
0
0
0
0
12
0
0
0
0
432
0
0
0
0
0
386
0
0
351
0
0
392
437
0
0
0
0
0
0
94
0
134
0
0
0
0
0
438
0
0
0
0
0
0
0
372
0
0
0
0
0
0
0
0
207
0
0
0
0
0
0
0
0
459
0
0
577
603
0
0
0
60
67
0
0
0
0
18
0
0
0
7
7
7
0
0
0
0
0
376
0
151
0
199
0
0
0
0
530
416
0
38
38
27
59
88
0
0
0
0
0
0
451
359
0
0
169
0
0
0
16
15
0
0
0
0
0
0
0
478
0
0
0
0
333
412
0
333
0
0
368
443
0
0
0
5
0
0
0
0
0
0
0
0
0
0
0
448
0
0
0
0
0
0
0
327
262
0
0
411
418
415
0
158
178
0
0
0
0
0
0
0
402
0
0
507
627
0
0
0
0
97
0
0
0
13
0
17
0
0
6
0
8
0
0
0
0
0
0
373
0
0
234
0
0
93
147
0
0
438
0
0
0
0
0
0
0
0
0
0
0
0
0
380
332
0
0
173
120
0
0
0
0
0
0
0
0
0
453
388
0
0
0
0
414
0
0
391
0
0
445
0
0
0
0
0
0
52
66
0
0
0
0
0
0
0
0
426
0
0
0
0
0
0
0
0
0
357
396
0
0
450
0
0
0
0
14
0
0
0
0
316
396
0
0
626
0
0
0
0
151
0
0
0
0
12
0
16
0
6
0
0
8
0
0
0
0
0
0
393
0
0
235
0
0
0
146
0
292
364
0
0
0
0
41
58
0
0
409
454
0
0
0
0
331
335
0
0
0
173
0
0
0
0
0
0
0
389
0
0
0
357
266
0
388
0
0
340
0
411
372
0
0
0
4
0
0
69
0
64
0
0
0
0
0
0
404
0
0
0
77
0
0
0
0
175
0
145
0
0
0
374
0
0
0
0
0
17
0
0
234
372
0
0
602
496
0
0
0
0
191
0
0
0
0
10
0
15
0
0
0
0
7
0
0
30
0
0
0
410
0
0
194
0
0
0
0
193
0
287
0
0
0
18
0
0
0
349
339
0
560
0
0
0
0
290
344
246
0
0
170
185
159
125
128
200
294
0
0
0
457
0
0
0
303
0
351
0
0
403
0
0
0
0
7
0
58
0
0
68
0
0
0
0
0
0
386
0
0
0
0
0
0
0
0
0
0
380
441
456
444
342
0
0
0
15
17
0
0
0
332
0
0
564
499
0
0
0
0
0
236
0
0
0
0
0
0
0
16
0
8
0
7
0
0
34
0
0
0
440
0
84
130
103
94
99
134
0
0
265
0
0
52
0
0
0
0
0
400
0
456
590
0
0
0
0
0
333
329
0
0
0
0
0
0
0
0
0
467
458
0
0
0
280
0
0
302
0
345
0
0
0
7
5
0
0
62
0
0
56
0
7
8
0
0
0
345
0
127
194
0
0
0
0
0
0
307
0
0
0
0
0
0
0
13
0
0
0
0
315
0
0
510
482
0
0
0
0
0
323
292
233
288
0
0
0
0
0
18
0
8
0
6
0
0
39
0
0
0
498
0
0
0
0
0
0
0
0
0
293
0
0
60
0
0
0
0
0
496
0
0
465
582
491
0
0
0
0
256
329
353
322
260
0
0
0
359
428
0
0
242
0
0
297
0
0
210
0
297
0
0
0
5
0
0
0
56
0
58
0
0
0
0
0
0
298
0
0
0
276
0
0
291
0
300
0
330
0
0
0
0
0
0
0
0
0
0
199
295
0
0
471
462
0
0
0
0
0
0
384
0
0
356
0
0
0
0
0
18
0
7
0
0
0
0
0
0
0
0
552
0
0
0
0
0
0
0
0
217
279
0
0
57
0
0
0
0
0
417
506
0
0
0
525
518
0
0
0
0
0
0
0
0
256
268
280
0
0
0
0
273
0
0
209
0
201
0
219
188
0
0
0
0
0
0
44
0
0
52
0
0
0
0
0
0
312
0
0
0
330
0
0
374
292
303
0
0
274
164
0
0
0
0
0
0
143
221
0
0
0
463
451
0
0
0
0
108
0
0
402
0
0
401
0
0
0
0
0
18
0
7
0
0
0
0
41
0
111
0
568
0
0
0
0
103
0
0
0
265
0
0
0
50
0
0
0
0
0
0
500
437
0
0
0
428
528
485
0
0
0
0
0
0
0
0
0
0
0
0
341
260
0
200
0
0
0
147
177
0
0
0
0
0
0
0
52
0
0
43
0
0
0
0
0
0
295
0
0
0
366
0
0
0
415
0
366
0
0
0
0
103
0
0
129
167
0
0
0
0
463
407
0
0
0
0
0
115
0
0
413
0
0
408
0
0
0
0
0
17
0
7
0
0
0
0
0
60
0
0
557
0
0
0
0
137
0
0
234
224
0
0
0
0
51
0
0
0
0
0
0
511
0
0
0
0
0
480
554
0
0
0
0
0
0
0
0
0
0
503
487
269
0
0
0
0
0
0
0
0
0
0
11
12
0
0
53
0
51
0
0
12
12
12
0
0
256
0
0
0
391
0
0
0
460
0
0
376
0
0
0
0
0
0
0
0
0
0
395
410
0
0
0
0
0
0
0
0
0
0
382
328
0
395
0
0
0
0
0
15
0
5
3
0
0
0
69
0
0
0
532
0
0
0
0
163
0
202
230
0
0
33
33
0
55
0
0
0
0
0
0
471
451
0
0
0
0
0
0
517
579
580
576
576
575
573
572
576
580
537
0
266
375
0
0
80
0
0
0
0
0
11
0
0
14
0
48
0
51
0
11
12
12
0
0
0
206
0
0
0
402
0
0
0
453
0
0
0
312
307
253
0
0
0
0
288
347
346
0
0
0
0
0
0
0
0
267
257
269
0
0
351
0
371
0
0
0
0
11
12
0
4
0
0
0
0
71
0
0
0
495
0
0
0
0
187
0
174
0
0
0
0
45
0
55
0
0
0
0
0
0
0
510
0
0
0
0
0
0
0
0
0
0
0
0
0
0
0
0
0
0
434
0
0
0
104
0
87
0
0
10
11
11
0
0
37
34
0
43
0
0
0
0
0
0
0
153
85
0
0
403
0
0
0
461
0
0
0
0
0
0
265
297
306
290
0
0
0
0
0
0
0
72
86
75
0
264
0
0
266
0
339
0
335
0
0
0
8
8
9
0
0
3
0
0
0
52
0
0
0
430
0
0
0
0
0
232
0
0
0
0
0
50
0
49
0
0
0
0
0
0
0
432
501
0
0
206
0
162
0
0
0
0
0
0
0
0
0
0
0
0
499
0
0
0
91
0
103
0
0
0
0
11
12
0
40
0
32
32
0
12
12
12
12
0
0
102
0
0
411
0
0
0
0
436
536
0
0
0
0
0
0
0
0
0
0
0
0
0
0
0
76
80
0
0
0
238
274
0
297
0
308
0
291
0
0
0
7
0
6
4
0
0
0
30
0
0
0
0
0
0
249
229
267
0
0
271
0
0
0
0
0
47
0
0
51
0
0
0
0
0
0
0
500
442
0
179
0
0
0
225
330
328
0
0
0
0
0
0
0
0
478
0
0
0
57
0
84
0
0
0
0
0
0
0
35
0
37
0
0
0
0
0
0
0
74
0
0
0
435
0
0
0
0
0
467
574
525
0
0
0
0
0
0
0
0
0
0
0
99
78
71
0
0
0
0
0
243
199
251
0
265
0
237
0
0
0
0
0
0
4
0
0
0
37
0
0
301
273
501
0
0
0
316
0
0
252
0
0
0
0
0
0
40
0
55
0
0
0
0
0
0
0
0
516
0
158
0
0
169
0
0
0
358
374
339
0
0
0
0
471
421
0
0
55
0
0
54
0
0
0
0
0
0
13
26
9
29
16
12
12
12
12
13
0
63
0
0
0
454
0
0
0
0
0
0
0
522
515
385
0
0
0
0
0
474
400
273
0
0
0
0
0
0
0
0
0
0
0
0
0
207
0
171
0
0
0
0
0
0
4
0
0
0
0
0
0
318
0
601
0
0
0
296
0
0
162
0
0
0
0
0
0
49
0
51
0
0
0
0
0
0
0
0
453
406
0
0
194
129
266
309
0
0
0
0
339
343
311
0
429
0
0
0
52
0
54
0
0
14
0
0
14
13
0
13
0
15
0
12
12
12
12
0
0
51
0
0
0
466
0
0
0
0
0
0
0
0
378
0
0
380
517
539
500
0
0
0
0
0
0
0
0
13
11
0
0
0
0
0
0
145
0
0
0
0
0
0
0
4
0
0
0
29
0
0
336
0
0
627
0
0
0
226
186
0
235
310
272
0
0
0
0
50
0
0
51
0
0
0
6
0
0
0
0
412
0
166
277
324
0
0
359
363
0
0
0
0
0
0
338
0
0
0
46
0
53
0
0
0
15
15
0
0
0
0
0
0
0
0
0
0
0
0
0
45
0
0
0
470
0
0
0
0
0
0
0
0
442
0
0
401
0
0
0
0
0
309
0
0
8
9
13
12
0
0
0
0
0
52
0
0
110
0
0
2
0
0
4
4
0
0
0
36
0
0
316
246
0
589
0
0
0
0
233
225
233
0
293
0
0
0
0
41
41
0
53
0
0
0
5
0
0
0
0
321
266
0
0
451
0
0
0
0
330
377
392
366
287
0
367
0
0
0
42
0
51
0
0
0
0
0
0
15
15
0
0
0
0
16
16
16
16
0
0
0
60
0
0
468
0
0
0
0
0
0
0
509
435
0
0
407
0
250
416
491
386
0
0
0
0
8
9
0
0
0
0
0
0
52
52
0
80
0
0
0
0
4
4
0
0
0
0
34
0
0
0
0
0
468
0
0
0
0
289
0
0
0
0
282
0
0
0
0
49
0
47
0
0
0
0
7
0
0
0
0
255
177
0
432
466
0
0
0
0
0
0
0
0
440
0
0
0
41
0
0
47
0
14
13
0
13
14
0
0
15
16
16
16
0
0
0
0
0
0
53
0
0
0
465
0
0
0
0
0
386
499
441
0
0
0
376
0
0
399
0
0
0
0
0
0
8
8
0
0
0
0
0
0
0
71
0
64
0
0
0
4
0
0
0
0
0
32
0
0
165
0
0
0
330
0
0
0
0
287
0
0
0
0
286
0
0
0
0
47
0
0
50
0
0
6
7
0
0
0
0
0
0
0
0
537
0
0
0
0
0
0
0
0
510
0
0
0
48
0
45
0
0
0
13
14
13
0
0
0
0
0
0
0
0
0
0
0
0
0
55
0
0
0
461
461
0
0
0
0
433
0
0
0
0
0
369
0
0
357
0
0
0
0
0
8
8
8
8
8
8
8
0
0
0
72
0
68
0
0
0
0
0
0
0
0
0
36
0
168
161
0
0
0
280
0
0
0
0
279
0
0
0
247
280
0
0
0
0
0
43
0
49
0
0
0
0
5
0
0
0
0
0
0
0
519
509
0
0
0
0
0
0
0
517
0
0
0
51
0
52
0
0
0
0
0
0
0
12
12
12
12
12
12
12
12
0
0
0
0
54
0
0
0
0
486
0
0
0
461
0
0
0
0
0
449
380
0
402
342
0
0
0
7
8
8
8
8
8
8
0
0
0
0
0
60
0
68
0
0
0
0
0
0
0
0
26
0
0
185
0
0
0
0
348
0
0
0
0
312
0
0
0
265
0
0
0
24
0
0
48
0
0
44
0
0
0
5
6
0
0
0
0
0
0
0
565
0
0
0
0
0
0
0
502
0
0
0
51
0
54
0
0
12
12
13
14
13
12
12
12
12
12
12
0
0
0
0
0
0
49
0
0
0
0
509
0
0
0
518
0
0
0
0
0
459
0
0
481
0
0
0
0
7
8
8
8
8
8
8
7
0
0
0
53
0
0
60
0
0
0
0
0
0
0
0
32
0
0
167
0
0
268
0
509
0
0
0
0
396
357
200
277
306
0
0
0
0
0
0
43
0
0
49
0
0
0
0
0
0
0
0
0
0
0
0
502
520
0
0
0
0
0
0
478
0
0
0
50
0
53
0
0
12
12
0
0
0
12
0
0
0
0
12
13
14
14
14
13
0
43
0
0
0
0
519
0
0
493
464
0
0
0
0
0
398
0
487
375
0
0
0
0
0
8
8
8
8
0
0
0
0
0
0
51
0
0
52
0
0
0
0
0
0
0
22
0
0
0
0
271
286
244
0
631
0
0
0
0
443
0
0
314
396
0
0
0
0
0
0
0
44
0
44
40
0
0
0
0
0
4
0
0
0
0
0
0
548
0
0
0
0
0
0
455
0
0
0
49
0
52
0
0
0
0
0
0
0
12
13
15
15
13
12
0
0
0
0
0
0
35
0
0
0
0
506
0
0
519
0
0
0
0
0
349
0
0
447
0
0
17
0
0
8
8
8
0
0
0
0
0
0
0
0
51
0
0
45
0
0
0
0
0
0
0
0
0
0
362
401
348
0
0
0
681
0
0
0
0
0
379
0
0
366
429
411
0
0
0
0
0
36
0
0
47
0
0
0
0
4
4
0
0
0
0
0
0
467
533
0
0
0
0
451
0
0
0
0
48
0
53
0
0
0
0
9
0
0
0
0
0
0
0
0
0
0
0
0
0
0
24
10
0
0
0
471
0
402
464
0
0
0
0
0
318
0
341
326
0
0
0
0
7
0
0
0
0
0
0
0
0
0
0
0
51
0
49
0
0
0
0
0
0
0
21
0
0
0
454
0
0
0
0
0
692
0
0
0
266
0
291
346
0
0
0
442
466
404
0
0
0
0
0
0
0
39
0
0
0
0
0
0
0
0
0
0
0
0
535
452
0
0
0
465
0
0
0
0
47
0
54
0
0
0
0
8
8
0
0
0
0
0
8
8
8
0
0
0
8
10
13
0
0
0
0
417
0
400
0
0
0
0
0
0
243
0
309
0
0
18
0
0
7
0
0
0
0
0
4
4
0
0
0
48
0
0
54
0
0
0
0
0
0
0
0
0
0
0
441
0
0
91
0
0
684
0
0
268
260
0
0
381
384
0
0
0
0
474
486
0
0
0
0
0
0
0
0
24
0
0
0
0
0
0
0
0
0
0
0
533
0
0
0
472
0
0
0
0
44
0
52
0
8
0
0
0
8
8
8
8
0
0
0
8
8
8
8
8
8
8
0
0
0
0
0
351
0
356
0
0
0
0
0
0
162
176
211
0
0
0
6
5
0
0
0
4
4
4
4
0
0
0
0
52
0
0
48
0
0
0
0
0
0
0
0
0
0
434
0
0
0
115
0
0
674
0
0
0
0
0
0
0
463
0
0
0
0
0
0
474
500
473
0
0
0
0
0
0
0
38
31
0
0
0
0
0
0
0
0
508
454
0
0
469
0
0
0
0
39
0
46
0
8
0
0
0
8
8
8
8
0
0
0
8
8
8
8
8
8
8
8
0
0
0
0
278
0
289
0
0
0
0
0
0
0
0
0
0
17
0
6
5
4
4
4
4
0
0
0
0
0
0
0
48
0
0
0
0
0
285
256
241
0
0
0
0
378
397
0
0
0
94
0
0
669
0
0
0
82
0
0
0
375
0
0
0
0
0
0
0
0
0
502
520
476
0
0
0
0
0
0
0
43
36
0
0
0
0
0
0
509
0
0
450
0
0
0
0
31
20
34
0
8
8
8
8
8
8
8
8
9
10
9
8
8
8
8
8
8
8
8
8
8
0
0
194
0
199
0
0
8
0
0
48
0
0
0
0
0
0
4
0
4
0
0
0
0
0
0
0
0
0
42
0
0
0
0
211
275
239
0
0
248
0
0
0
430
0
0
0
0
0
0
0
668
0
0
136
0
0
125
0
0
298
265
0
0
0
0
0
0
0
0
0
0
506
500
0
0
0
0
0
0
0
0
0
47
42
0
0
464
440
0
0
420
0
0
0
0
0
0
0
0
0
0
0
0
8
8
8
0
0
8
8
8
8
8
8
8
8
8
8
8
0
0
0
0
0
0
0
8
7
0
50
0
27
38
0
0
0
0
0
0
0
0
0
0
0
0
0
0
0
50
0
0
0
229
260
0
0
0
312
0
0
0
388
406
0
0
60
0
0
0
0
668
0
0
211
0
120
0
0
0
0
305
247
0
0
47
0
0
0
0
0
0
0
0
464
504
505
472
0
0
0
0
0
0
0
0
0
0
483
0
0
410
0
0
0
0
0
0
0
0
0
0
0
0
0
0
0
0
0
0
0
0
0
0
0
0
0
0
0
0
0
0
0
0
0
0
0
0
0
0
50
0
0
40
0
0
0
0
0
0
0
0
0
0
0
0
21
29
0
0
0
0
0
274
0
0
0
0
269
0
0
0
442
0
0
0
67
0
0
0
0
670
0
0
229
0
105
0
52
0
0
0
238
166
0
0
41
0
0
0
0
0
0
0
0
0
0
0
499
509
494
0
0
0
0
0
0
0
375
351
0
374
0
41
42
0
0
0
0
0
0
0
0
0
0
0
0
0
0
0
0
0
0
0
0
0
0
0
0
0
0
0
0
0
8
0
0
0
0
0
40
0
0
33
0
0
0
0
0
0
0
33
40
45
0
0
0
0
0
0
0
311
334
270
0
0
0
0
300
0
0
410
411
0
0
0
62
58
0
0
0
678
0
0
198
0
0
73
0
0
0
206
0
151
126
0
0
34
0
0
0
0
0
0
0
0
0
0
0
0
0
483
507
505
488
0
0
0
0
0
0
282
0
0
0
0
0
0
47
44
42
42
0
0
0
0
0
0
0
0
0
0
0
0
0
0
0
0
0
0
0
0
0
0
0
0
0
0
0
0
0
0
0
37
39
41
44
47
48
0
0
0
0
0
0
0
0
0
0
365
394
380
0
0
0
0
0
0
334
356
310
424
0
0
0
0
0
54
0
0
0
699
0
0
0
0
0
50
62
0
211
192
0
0
165
123
0
0
0
0
0
0
0
0
0
0
0
0
0
0
0
0
0
0
0
487
505
493
422
0
0
0
0
0
0
0
0
0
0
0
0
0
0
0
0
0
0
0
44
44
44
44
44
44
44
44
44
44
44
44
44
44
44
44
44
45
46
46
48
49
0
0
0
0
0
0
0
0
0
0
0
0
0
0
0
359
374
381
375
0
0
0
0
0
60
0
0
111
0
0
0
0
0
0
0
0
0
49
0
0
0
741
0
0
0
141
0
0
0
0
237
0
0
0
0
219
0
0
0
0
0
0
0
0
0
0
0
0
0
0
0
0
0
0
0
0
0
0
0
397
398
445
483
491
481
0
0
0
0
0
0
0
0
0
0
0
0
0
0
0
0
0
0
0
0
0
0
0
0
0
0
0
0
0
0
0
0
0
0
0
0
0
0
0
0
0
0
0
0
0
361
371
381
388
379
0
0
0
0
0
0
0
0
0
85
0
105
79
0
0
0
0
117
0
0
0
0
0
0
0
0
798
0
0
0
0
0
0
0
0
282
238
0
194
0
235
310
0
0
0
0
0
0
0
0
0
0
0
0
0
0
0
0
0
0
0
0
0
0
0
0
0
0
0
0
498
506
500
492
488
487
483
0
0
0
0
0
0
0
0
0
0
0
0
0
0
0
0
0
0
0
0
0
0
0
0
0
0
0
0
0
0
0
0
372
374
379
387
394
386
0
0
0
0
0
0
0
0
0
0
0
0
0
104
0
0
101
0
0
0
0
0
97
120
0
0
0
0
0
135
0
861
0
0
0
0
0
0
382
370
342
0
0
0
265
0
293
326
311
0
0
0
0
0
0
0
0
0
0
0
0
0
0
0
0
0
0
0
0
0
0
0
0
0
0
0
0
0
0
0
0
0
499
509
507
501
494
489
482
467
444
415
390
375
371
370
371
372
372
372
371
369
368
369
371
372
373
377
381
386
393
398
394
378
0
0
0
0
0
0
0
0
0
0
0
0
0
0
0
0
0
30
0
68
0
104
0
0
0
0
47
0
0
121
119
0
0
0
117
0
0
921
0
0
0
0
0
318
0
0
0
0
0
0
350
0
0
0
0
312
345
323
0
0
0
0
0
0
0
0
0
0
0
0
0
0
0
0
0
0
0
0
0
0
0
0
0
0
0
0
0
0
0
0
0
0
0
0
0
0
0
0
0
0
0
0
0
0
0
0
0
0
0
0
0
0
0
0
0
0
0
0
0
0
0
0
0
0
0
0
0
0
0
0
0
0
0
0
0
0
0
0
0
0
0
0
0
0
0
0
0
64
0
0
138
106
0
0
127
0
0
964
0
0
0
0
0
307
0
0
0
0
0
0
364
0
0
0
0
0
0
323
361
358
0
0
0
0
0
0
0
0
0
0
0
0
0
0
0
0
0
0
0
0
0
0
0
0
0
0
0
0
0
0
0
0
0
0
0
66
0
0
0
0
0
0
0
0
0
0
0
0
0
0
0
0
0
0
0
0
0
0
0
0
0
0
0
0
0
0
0
0
0
0
0
0
0
0
0
0
0
0
0
280
295
274
211
0
0
52
0
0
76
0
0
144
0
0
142
0
0
985
0
0
0
0
0
310
0
0
0
0
0
358
0
0
0
21
0
73
0
0
0
0
336
361
366
340
0
0
0
0
0
0
0
0
0
0
0
0
0
0
0
0
0
0
0
0
0
0
0
0
0
0
0
0
0
108
116
97
0
0
0
0
0
0
0
0
0
0
0
0
0
0
0
0
0
0
0
0
0
0
0
0
0
0
0
0
0
0
0
0
0
0
0
0
0
0
0
0
0
0
0
296
0
0
241
0
0
76
0
0
48
0
0
131
141
0
150
0
0
993
0
0
0
0
0
253
0
0
0
0
0
360
0
0
0
0
0
89
0
0
0
0
0
0
0
0
347
363
362
333
0
0
0
0
0
0
0
0
0
0
0
0
0
0
0
0
0
0
0
0
0
0
0
98
115
106
0
0
0
0
0
0
0
0
0
0
0
0
0
0
0
0
0
0
0
0
0
0
0
0
0
0
0
0
0
0
0
0
0
0
0
0
0
0
0
0
391
369
275
0
380
0
0
0
273
0
0
72
0
0
0
66
0
0
0
164
0
0
0
996
0
0
0
0
258
252
0
0
0
0
0
336
0
0
0
0
0
83
0
0
0
0
0
0
0
0
0
0
0
0
348
365
368
347
0
0
0
0
0
0
0
0
0
0
0
0
0
0
0
0
0
0
111
112
0
0
0
0
0
0
0
0
0
0
0
0
0
0
0
0
0
0
0
0
0
0
0
0
0
0
0
0
0
0
0
0
0
0
0
0
0
0
374
388
382
361
0
0
0
0
414
0
0
0
275
0
43
68
0
0
0
0
77
0
0
208
0
0
0
991
0
0
238
285
245
0
0
0
0
0
0
319
0
0
0
0
0
77
0
0
0
0
0
0
0
0
0
0
0
0
0
0
0
0
337
354
369
369
348
0
0
0
0
0
0
0
0
0
0
0
0
0
0
0
0
0
0
0
0
0
0
0
0
0
0
0
0
0
0
0
0
0
0
0
0
0
0
0
0
0
0
0
0
0
0
0
0
367
385
383
375
364
0
0
0
0
0
0
0
441
0
0
0
0
275
0
0
0
0
0
0
0
63
0
0
225
0
0
0
978
0
0
294
0
0
0
0
0
0
0
0
342
0
0
0
0
0
0
81
0
0
0
0
0
0
0
0
0
0
0
0
0
0
0
0
0
0
0
0
332
343
362
377
378
367
0
0
0
0
0
0
0
0
0
0
0
0
0
0
0
0
0
0
0
0
0
0
0
0
0
0
0
0
0
0
0
0
0
0
0
0
364
383
388
382
375
369
0
0
0
0
0
0
0
0
0
0
0
0
445
0
0
0
0
272
0
0
24
0
0
0
0
0
0
0
0
235
0
0
960
0
0
0
0
0
0
0
0
0
0
0
0
370
0
0
40
0
0
83
0
0
0
0
0
0
0
0
0
0
0
0
0
0
0
0
0
0
0
0
0
0
0
0
0
0
414
453
472
472
457
433
411
395
380
365
0
0
0
0
0
0
0
0
0
0
0
0
0
0
0
0
0
377
387
391
389
384
376
370
368
366
0
0
0
0
0
0
0
0
0
0
0
0
0
0
0
0
0
0
451
0
0
0
0
280
0
0
0
0
0
0
0
0
65
0
0
245
0
0
0
950
0
0
0
0
0
20
0
0
0
0
0
348
0
0
0
21
0
80
0
0
0
4
0
0
0
0
0
0
0
0
0
0
0
0
0
0
0
0
0
0
0
0
0
0
0
0
0
0
0
0
0
0
0
0
364
364
364
364
364
364
364
364
364
364
364
364
364
364
364
365
366
0
0
0
0
0
0
0
0
0
0
0
0
0
0
0
0
0
0
0
0
0
0
0
0
0
0
0
451
0
0
0
0
254
277
0
0
0
0
0
8
0
43
0
0
232
0
0
0
931
0
0
0
0
22
20
24
0
0
180
0
0
246
0
0
0
0
66
66
0
0
0
4
4
0
0
0
0
0
0
0
0
0
0
0
0
0
0
0
0
0
0
126
139
0
0
0
0
0
0
0
0
0
0
0
0
0
0
0
0
0
0
0
0
0
0
0
0
0
0
0
0
0
0
0
0
0
0
0
0
0
0
0
0
0
0
0
0
0
0
0
0
0
0
0
0
0
445
0
0
0
0
0
0
211
216
0
0
21
0
8
0
0
0
0
192
0
0
907
0
0
318
261
0
0
0
0
0
0
203
0
0
186
233
195
0
0
63
63
0
0
0
0
0
0
0
0
0
0
0
0
0
0
0
0
0
0
0
0
0
137
158
143
0
0
0
0
0
0
0
0
0
0
0
0
0
0
0
0
0
0
0
0
0
0
0
0
0
0
0
0
0
0
0
0
0
0
0
0
0
0
0
0
0
0
0
0
0
0
0
0
0
0
0
0
0
0
484
0
0
0
0
0
0
216
0
0
0
22
0
0
0
0
47
0
0
208
0
877
0
0
0
304
300
0
0
0
0
0
178
0
0
0
0
225
235
201
0
0
0
0
0
0
0
0
0
0
0
4
0
0
0
0
0
0
0
0
0
0
154
152
0
0
0
0
0
0
0
0
0
0
0
0
0
0
0
0
0
0
0
0
0
0
0
0
0
0
0
0
0
0
0
0
0
0
0
0
0
0
0
0
0
0
0
0
0
0
0
0
0
0
0
0
0
0
0
0
478
0
0
0
0
0
255
239
0
0
0
17
0
0
0
0
0
66
0
184
0
836
0
0
0
0
274
320
238
0
0
0
183
0
0
0
0
0
0
233
264
255
0
0
0
0
0
0
0
0
0
0
0
0
0
0
0
0
0
0
142
157
133
0
0
0
0
0
0
0
0
0
0
0
0
0
0
0
0
0
0
0
0
0
0
0
0
0
0
0
0
0
0
0
0
0
0
0
0
0
0
0
0
0
0
0
0
0
0
0
0
0
0
0
0
0
0
0
0
432
0
0
0
0
0
0
242
0
0
0
0
0
0
0
0
0
0
74
0
132
0
791
0
0
0
0
0
0
289
0
0
0
202
176
0
0
0
0
0
0
0
259
299
283
0
0
0
0
0
0
0
0
0
0
0
0
0
0
127
155
146
0
0
0
0
0
0
0
0
0
0
0
0
0
0
0
0
0
0
0
0
0
0
0
0
0
0
0
0
0
0
0
0
0
0
0
0
0
0
0
0
0
0
0
0
0
0
0
0
0
0
0
0
0
0
0
0
0
441
421
0
0
0
0
0
0
270
0
0
29
0
0
0
11
11
12
0
63
0
0
0
749
0
0
0
0
0
0
254
0
0
0
0
202
193
0
0
0
0
0
0
0
0
247
297
0
144
158
172
154
0
0
0
0
0
0
0
145
156
127
0
0
0
0
0
0
0
0
0
0
0
0
0
0
0
0
0
0
0
0
0
0
0
0
0
0
0
0
0
0
0
0
0
0
0
0
0
0
0
0
0
0
0
0
0
0
0
0
0
0
0
0
0
0
0
0
433
435
413
0
0
0
0
0
0
0
279
0
0
0
0
0
0
11
11
11
0
0
86
0
0
711
0
0
61
0
0
222
226
0
0
0
0
0
187
205
182
0
0
0
0
0
0
0
384
0
0
0
0
0
162
169
159
0
0
0
159
155
0
0
0
0
0
0
0
0
0
0
0
0
0
0
0
0
0
0
0
0
0
0
0
0
0
0
0
0
0
0
0
0
0
0
0
0
0
0
0
0
0
0
0
0
0
0
0
0
0
30
35
28
0
0
0
470
466
417
0
0
0
0
0
0
0
0
0
0
213
270
0
0
0
0
0
13
11
11
0
0
110
0
0
0
721
0
0
0
0
183
0
0
0
0
0
0
0
0
180
170
0
0
0
0
0
411
417
0
0
0
0
0
0
0
0
163
167
170
161
0
0
0
0
0
0
0
0
0
0
0
0
0
0
0
0
0
0
0
0
0
0
0
0
0
0
0
0
0
0
0
0
0
0
0
0
0
0
0
0
0
0
0
0
0
0
33
40
42
38
0
0
0
0
0
476
0
0
0
0
0
0
196
0
0
0
0
0
0
0
0
194
0
0
22
14
14
0
0
0
0
120
0
0
0
731
0
0
0
0
233
278
238
0
0
0
0
0
0
0
143
161
187
0
0
437
485
0
0
0
0
16
0
0
0
0
0
0
0
0
0
0
32
38
39
36
30
0
0
0
0
0
0
0
0
0
0
0
0
0
0
0
0
0
0
0
0
0
0
0
0
0
0
0
0
0
0
0
0
0
0
32
38
42
43
38
0
0
0
0
0
32
0
0
455
0
0
0
0
191
0
167
174
0
0
0
0
0
0
0
231
0
0
0
26
0
0
0
0
0
0
119
0
0
0
736
0
0
0
0
0
0
274
0
0
0
0
0
0
0
0
0
0
0
0
578
0
0
0
14
0
0
0
16
18
0
0
0
0
0
29
0
0
0
0
0
0
35
39
40
39
36
32
28
0
0
0
0
0
0
0
0
0
0
0
0
0
0
0
0
0
0
0
28
32
36
40
43
43
40
35
0
0
0
0
0
0
0
35
39
36
24
0
0
0
580
0
0
0
0
185
159
0
0
0
0
0
211
232
230
0
0
0
0
0
0
0
0
8
0
0
111
0
0
0
740
0
0
27
0
0
0
0
275
0
0
0
0
0
0
0
0
0
0
636
492
0
0
0
0
0
18
16
0
0
0
14
17
20
25
33
40
44
46
42
0
0
0
0
0
0
0
0
0
31
36
39
40
40
40
40
40
40
41
43
43
41
40
40
40
39
37
34
28
0
0
0
0
0
0
0
0
0
38
42
39
34
29
0
0
0
0
22
0
0
505
625
0
0
0
0
0
0
0
0
0
0
217
0
0
0
0
0
30
0
0
11
0
8
0
0
0
0
0
0
744
0
0
0
0
46
0
0
281
0
0
0
0
0
0
0
0
0
646
527
0
0
0
22
17
19
0
0
0
0
0
0
0
0
0
0
0
0
0
0
37
41
43
45
46
44
38
0
0
0
0
0
0
0
0
0
0
0
0
0
0
0
0
0
0
0
0
0
0
0
0
36
42
44
43
40
37
32
0
0
0
0
0
0
0
25
20
0
0
0
0
515
644
540
0
0
0
0
0
0
0
0
277
0
0
0
40
0
0
0
0
0
0
0
0
0
0
0
0
0
747
0
0
0
0
34
0
0
270
0
0
0
0
0
0
0
530
645
533
0
0
0
0
0
17
29
32
0
0
0
0
0
0
0
0
0
0
0
0
0
0
0
0
0
0
0
0
36
40
44
47
48
48
47
45
44
44
44
45
47
46
42
40
40
40
41
43
43
40
35
29
0
0
0
0
0
0
0
0
0
0
0
0
0
0
0
0
32
28
0
0
0
0
640
597
0
0
0
0
0
0
0
249
0
0
0
0
0
0
0
0
8
0
7
7
0
0
0
0
0
749
0
0
0
0
34
0
0
261
0
0
0
0
0
0
583
627
0
0
0
0
0
0
0
0
0
0
0
0
300
330
300
0
0
0
0
0
0
0
0
0
0
0
0
0
0
0
0
0
0
0
0
0
0
0
0
0
0
0
0
0
0
0
0
0
0
0
0
0
0
0
0
0
0
0
0
0
0
0
0
0
0
0
0
0
0
0
0
0
0
0
0
0
0
606
639
0
0
0
0
0
0
0
0
0
0
0
0
0
0
0
0
0
0
0
0
0
0
0
731
0
0
0
0
0
0
0
0
0
0
0
0
0
0
579
576
0
0
0
0
0
0
0
0
0
0
0
0
0
0
0
0
0
0
0
0
0
0
0
0
0
0
0
0
0
0
0
0
0
0
0
0
0
0
0
0
0
0
0
0
0
0
0
0
0
0
0
0
0
0
0
0
0
0
0
0
0
0
0
0
0
0
0
0
0
0
0
0
0
0
0
0
0
0
0
555
645
0
0
0
0
0
0
0
0
0
0
0
0
0
0
0
0
0
0
0
0
0
0
715
0
713
748
745
743
732
723
787
903
951
906
797
712
652
0
0
0
0
194
197
208
219
228
235
239
241
253
317
423
506
544
511
428
346
293
256
228
217
216
216
215
213
212
212
213
215
216
216
216
216
215
213
212
211
209
208
208
208
208
208
207
205
204
205
207
208
208
209
211
212
212
212
212
212
213
215
216
216
216
220
248
308
369
387
375
319
239
215
218
220
218
211
202
207
0
0
0
651
729
768
797
822
815
772
738
732
736
740
744
748
751
753
756
760
763
764
759
755
731
704
