44
10
2
20
49
65
53
25
1
-34
-79
-73
-25
7
31
53
60
45
18
3
0
0
0
-1
-7
-22
-32
-19
2
8
3
0
0
0
-3
12
50
65
65
70
61
46
39
33
16
-5
-15
-10
4
18
17
5
-5
-10
-10
-12
-8
5
13
9
0
-4
-6
-24
-41
-34
-29
-28
-6
28
54
58
39
17
5
1
0
0
0
-5
-28
-67
-56
84
257
248
97
1
-115
-321
-345
-147
-16
0
-3
-6
-2
6
4
-2
-13
-21
-9
12
20
9
-30
-79
-76
-29
-2
24
78
67
-29
-81
-49
8
24
-61
66
16
12
49
85
89
61
24
-4
-58
-122
-100
-21
35
71
84
69
41
15
3
0
0
-1
-7
-22
-41
-38
-12
6
8
3
0
0
0
-3
8
48
100
142
143
106
67
43
26
4
-12
-11
0
7
8
0
-15
-25
-23
-13
-12
-4
22
44
45
32
23
16
-1
-22
-40
-71
-96
-75
-16
46
79
76
48
19
5
0
0
1
-3
-30
-92
-75
137
342
314
141
-4
-147
-393
-490
-269
-49
1
-4
-7
-5
5
6
1
-11
-24
-23
-3
22
24
-24
-102
-119
-60
-9
39
119
107
-30
-121
-90
6
45
-95
70
23
34
79
95
73
42
19
-2
-70
-139
-95
10
77
94
73
40
16
4
1
0
-1
-5
-20
-41
-43
-18
4
7
4
1
0
0
0
-1
-2
31
127
208
189
116
55
21
3
-9
-9
-4
-3
-12
-27
-34
-34
-30
-12
18
34
42
55
67
71
65
54
36
19
3
-22
-73
-133
-153
-117
-43
31
78
81
51
19
0
0
6
4
-17
-83
-72
120
265
277
183
-36
-166
-273
-433
-338
-87
5
-3
-5
-6
-1
5
5
-2
-13
-26
-26
-2
25
7
-72
-128
-91
-20
47
126
118
-11
-122
-117
-3
57
-109
72
38
61
93
84
55
44
45
8
-99
-164
-78
50
99
79
39
14
4
0
0
0
-4
-15
-37
-48
-25
3
9
4
1
0
0
0
0
0
-5
37
163
246
193
94
31
4
-6
-9
-10
-21
-37
-51
-58
-38
11
46
55
70
86
86
68
52
49
49
43
25
9
2
-5
-34
-86
-140
-170
-150
-83
6
72
83
49
7
0
15
14
-5
-60
-59
62
164
268
231
-94
-221
-157
-326
-359
-107
13
-1
-3
-6
-4
2
4
3
-3
-14
-28
-29
-1
22
-26
-111
-112
-34
50
121
114
6
-108
-126
-9
59
-122
78
59
83
96
87
75
75
68
-23
-167
-181
-36
79
85
46
15
4
1
0
0
-1
-11
-32
-48
-33
-2
9
5
1
0
0
0
0
0
0
-1
55
193
262
178
66
14
-1
-8
-19
-38
-62
-75
-74
-56
14
131
182
134
85
72
64
40
20
14
13
12
6
-2
-3
0
-5
-22
-62
-121
-170
-176
-118
-18
63
76
31
3
21
30
9
-29
-14
52
107
248
223
-133
-224
-110
-314
-377
-100
25
1
-1
-4
-4
-2
1
3
0
-3
-14
-31
-31
1
0
-74
-112
-50
50
117
103
13
-94
-122
-6
56
-140
89
85
111
119
116
106
86
30
-118
-230
-142
24
83
55
22
6
1
0
0
-1
-6
-24
-47
-41
-9
9
6
1
0
0
0
0
0
0
0
4
70
211
267
163
47
5
-6
-23
-55
-84
-93
-78
-51
-20
69
223
279
177
65
24
17
9
3
1
0
0
0
-4
-4
0
3
2
-12
-43
-96
-160
-201
-167
-44
66
67
20
22
47
30
-1
53
121
102
180
158
-123
-158
-133
-405
-402
-78
41
7
0
-1
-3
-4
-1
1
0
0
-3
-15
-36
-31
-10
-42
-97
-61
54
117
88
12
-84
-112
5
52
-161
113
132
160
153
121
88
55
-48
-219
-235
-59
67
67
31
10
3
0
0
0
-4
-17
-40
-48
-20
6
8
3
0
0
0
0
0
0
0
0
7
77
221
270
153
36
-3
-24
-64
-103
-105
-74
-35
-2
13
62
208
309
215
61
2
0
0
0
0
0
0
0
-3
-3
0
3
3
-1
-6
-24
-85
-210
-293
-178
21
93
54
29
53
45
9
89
211
179
148
87
-100
-140
-239
-488
-387
-58
57
22
2
-1
-2
-3
-3
-1
0
0
0
-3
-20
-40
-36
-40
-84
-58
64
117
72
6
-75
-95
18
44
-183
169
204
195
139
75
42
18
-116
-269
-187
10
74
45
18
5
1
0
0
-1
-9
-32
-51
-33
0
9
4
1
0
0
0
0
0
1
1
0
5
72
220
274
155
32
-19
-64
-115
-119
-69
-16
11
21
14
34
170
310
239
67
0
0
0
0
0
0
0
0
-1
-1
0
1
1
1
1
0
-57
-223
-340
-224
-19
82
79
46
48
38
3
77
236
268
165
27
-99
-176
-326
-461
-315
-51
61
43
10
-2
-2
-2
-4
-3
-1
0
0
0
-6
-26
-46
-58
-81
-41
73
109
56
-5
-66
-67
30
26
-204
263
254
164
73
24
21
-3
-164
-265
-112
39
43
23
13
3
0
0
0
-4
-18
-46
-48
-11
9
5
1
0
1
1
0
0
0
2
2
0
-1
54
196
265
168
42
-38
-104
-128
-81
-12
21
20
10
6
61
203
292
195
49
1
1
0
0
0
0
0
0
0
0
0
0
0
2
2
1
-78
-267
-330
-178
-32
39
69
54
36
13
-2
67
190
220
90
-43
-66
-114
-266
-351
-237
-57
47
60
25
0
-2
-2
-3
-4
-4
-1
0
0
-1
-10
-35
-66
-79
-22
71
88
39
-19
-60
-32
44
1
-223
363
231
86
17
4
24
-16
-199
-236
-28
49
-11
-4
10
2
0
0
0
-9
-32
-52
-32
4
9
2
0
0
2
2
0
0
0
1
1
0
-4
29
137
215
170
66
-34
-98
-86
-28
16
26
18
8
32
143
258
234
107
20
3
2
1
0
-1
-1
-2
-1
-1
-3
-3
-1
0
1
1
0
-84
-275
-317
-151
-30
7
35
35
9
-22
-7
94
149
49
-95
-104
30
68
-116
-266
-193
-60
23
63
43
7
-2
-2
-2
-3
-6
-4
-1
0
0
-2
-18
-54
-65
-9
54
58
20
-33
-53
2
55
-22
-237
430
159
22
-1
5
31
-30
-226
-209
43
63
-57
-36
5
3
0
0
-1
-16
-45
-48
-14
9
7
2
0
0
1
1
0
0
0
0
-1
-2
-4
12
71
133
139
87
12
-31
-18
10
30
42
42
41
91
204
240
142
40
6
4
3
3
0
-3
-4
-7
-6
-6
-10
-10
-6
-4
-3
-3
-3
-58
-224
-322
-197
-41
-3
-1
-6
-34
-58
-16
111
119
-70
-184
-98
90
178
-13
-209
-152
-49
-2
49
58
21
-1
-3
-2
-2
-6
-7
-3
0
0
0
-6
-33
-41
-1
31
29
-1
-45
-36
29
53
-39
-244
458
106
-6
-1
11
36
-47
-244
-185
86
73
-83
-61
1
5
0
0
-4
-24
-51
-39
-1
10
4
1
0
0
0
0
0
1
6
14
15
11
12
25
52
81
98
94
74
56
50
47
52
63
63
68
115
171
145
60
11
4
4
5
4
0
-4
-6
-9
-11
-11
-13
-14
-12
-12
-12
-12
-12
-32
-159
-321
-278
-107
-37
-35
-41
-57
-61
-13
75
63
-64
-110
-43
62
127
11
-123
-86
-30
-19
24
62
40
4
-4
-2
-3
-6
-8
-5
-1
0
0
-1
-14
-18
2
13
6
-22
-47
-9
44
40
-51
-247
462
95
-10
0
15
39
-62
-247
-151
104
57
-101
-69
1
6
0
0
-8
-32
-50
-28
5
8
1
0
1
1
0
5
17
32
50
69
74
67
63
65
69
70
72
80
92
91
80
67
56
50
43
48
70
78
51
16
2
3
3
4
3
0
-3
-4
-5
-8
-8
-8
-11
-11
-13
-18
-19
-18
-21
-105
-276
-332
-224
-122
-82
-64
-44
-25
0
25
14
-20
-25
-7
17
38
3
-41
-28
-14
-24
-2
52
57
15
-4
-3
-3
-5
-8
-7
-3
-1
-1
1
-2
-4
1
2
-12
-38
-33
19
45
24
-59
-248
457
103
-5
0
16
39
-69
-229
-103
101
5
-120
-58
5
4
-3
-4
-14
-37
-40
-14
5
5
1
-1
3
13
26
52
90
126
142
136
124
114
101
82
62
48
42
43
53
55
50
44
32
18
10
14
18
15
8
2
0
1
2
2
1
0
-1
-1
-1
-2
-2
-2
-5
-5
-6
-13
-15
-12
-12
-55
-177
-285
-274
-203
-157
-120
-65
-26
-14
-5
1
0
-1
-1
-1
1
-3
-8
-5
-6
-22
-18
35
63
28
-2
-4
-2
-4
-7
-8
-4
-3
-4
1
3
1
-1
-6
-26
-41
-7
37
34
11
-63
-248
453
110
-1
0
16
35
-63
-184
-58
65
-70
-136
-37
11
0
-10
-16
-23
-30
-17
2
4
2
4
11
34
75
120
161
188
201
186
135
94
81
70
50
28
15
11
10
12
10
9
11
10
2
-3
1
1
0
0
0
0
0
3
3
0
0
0
0
0
0
0
0
-1
-1
-1
-6
-7
-3
-2
-16
-71
-145
-183
-193
-197
-181
-144
-114
-90
-55
-25
-12
-4
-1
-3
-4
-4
-4
-4
-4
-16
-21
15
54
40
6
-3
-3
-4
-5
-8
-4
-4
-8
-3
4
3
-3
-16
-35
-25
19
37
19
4
-64
-248
452
112
0
0
15
28
-43
-119
-41
-13
-138
-134
-18
14
-3
-16
-28
-25
-9
8
12
4
7
36
86
143
191
220
225
194
153
117
68
31
21
18
12
6
2
0
0
0
-3
-3
0
3
-1
-4
0
0
0
0
0
0
0
4
4
0
0
0
0
0
0
0
0
0
0
0
-3
-3
0
2
0
-13
-33
-60
-99
-132
-152
-171
-183
-171
-144
-116
-82
-46
-24
-12
-4
-3
-4
-6
-5
-9
-19
-6
36
49
20
0
-4
-4
-4
-7
-4
-4
-11
-8
3
4
-5
-24
-33
-1
30
24
8
1
-64
-248
452
112
0
0
12
20
-20
-62
-57
-105
-167
-98
-2
8
-11
-24
-29
-11
11
17
15
23
66
148
227
260
243
200
153
99
53
30
15
4
0
0
0
2
2
1
1
0
-1
-1
0
1
-2
-3
0
0
0
0
0
0
0
3
3
0
0
0
0
0
0
0
0
0
0
0
-1
-1
0
1
1
0
-1
-7
-21
-38
-63
-98
-129
-153
-181
-191
-171
-145
-112
-70
-35
-18
-8
-4
-6
-6
-16
-20
14
48
36
7
-3
-4
-4
-5
-5
-4
-11
-11
0
4
-6
-22
-18
10
21
10
3
1
-64
-248
452
113
0
0
9
13
-8
-39
-93
-162
-142
-41
7
-11
-32
-34
-15
10
18
19
46
114
208
286
298
239
158
90
45
20
6
1
2
2
0
0
1
2
1
2
2
1
1
0
0
0
-1
-1
0
0
0
0
0
0
0
1
1
0
0
0
0
0
0
0
0
0
0
0
0
0
0
0
0
0
0
0
0
-2
-10
-22
-37
-66
-111
-143
-170
-201
-197
-168
-133
-91
-51
-24
-12
-6
-11
-24
-10
36
50
19
-1
-4
-4
-4
-6
-5
-9
-11
-4
3
-3
-13
-5
6
5
1
3
3
-64
-248
451
115
1
0
7
8
-9
-54
-134
-163
-83
-3
-6
-38
-48
-26
9
21
20
59
159
271
324
294
208
113
50
20
6
1
0
1
2
1
0
0
2
2
1
2
1
2
2
1
1
0
0
0
0
0
0
0
0
0
0
0
0
0
0
0
0
0
0
0
0
0
0
0
0
0
0
0
0
0
0
0
0
0
0
0
-2
-11
-28
-46
-83
-133
-165
-195
-210
-191
-159
-116
-65
-25
-9
-22
-27
18
54
32
3
-4
-4
-4
-5
-6
-8
-9
-7
0
1
-5
-3
0
-3
-3
3
4
-63
-248
446
123
6
0
5
4
-23
-95
-160
-122
-30
-3
-37
-55
-33
4
23
20
49
163
300
341
266
154
69
26
22
39
44
25
6
2
2
0
1
1
1
1
2
2
1
2
1
2
3
1
0
0
0
0
0
0
0
0
0
0
0
0
0
0
0
0
0
0
0
0
0
0
0
0
0
0
0
0
0
0
0
0
0
0
0
0
-1
-4
-16
-37
-66
-112
-158
-198
-233
-235
-191
-114
-47
-28
-32
-4
43
45
13
-4
-4
-4
-5
-5
-7
-8
-8
-4
0
-1
-3
-3
-5
-4
1
4
-61
-248
427
145
18
3
9
0
-54
-140
-151
-65
-8
-29
-60
-43
3
25
14
22
112
254
305
216
87
11
-4
15
71
146
159
90
22
2
2
1
3
2
0
1
2
1
2
3
1
1
3
3
1
0
0
0
0
0
0
0
0
0
0
0
0
0
0
0
0
0
0
0
0
0
0
0
0
0
0
0
0
0
0
0
0
0
0
0
0
0
0
-2
-10
-27
-54
-103
-171
-241
-280
-246
-164
-92
-57
-30
25
55
27
-2
-5
-4
-6
-5
-5
-7
-8
-7
-3
-1
-2
-4
-6
-4
-1
4
-60
-248
386
175
44
12
15
-11
-94
-159
-109
-23
-17
-56
-55
-8
25
17
-4
25
139
227
166
40
-30
-37
-1
75
189
283
259
134
31
3
4
3
4
2
1
3
2
1
2
3
3
1
1
3
3
1
0
0
0
0
0
0
0
0
0
0
0
0
0
0
0
0
0
0
0
0
0
0
0
0
0
0
0
0
0
0
0
0
0
0
0
0
-1
-1
0
-1
-6
-23
-59
-127
-215
-275
-278
-229
-159
-86
-2
53
39
5
-6
-5
-5
-6
-5
-5
-7
-8
-5
-3
-3
-4
-5
-5
-3
4
-60
-248
337
200
87
21
5
-34
-127
-146
-59
-12
-43
-62
-24
18
17
-1
-8
22
94
118
50
-17
-27
7
88
209
308
312
217
96
21
4
7
4
4
4
4
4
2
3
3
2
3
3
1
1
3
3
1
0
0
0
0
0
0
0
0
0
0
0
0
0
0
0
0
0
0
0
0
0
0
0
0
0
0
0
0
0
0
0
-1
-1
0
0
-2
-2
0
0
0
-1
-7
-29
-82
-164
-252
-313
-303
-213
-81
26
49
17
-5
-7
-5
-6
-6
-4
-6
-7
-6
-5
-5
-4
-4
-7
-4
4
-60
-248
305
212
120
20
-9
-47
-144
-132
-31
-22
-64
-46
6
19
4
1
8
23
42
41
18
7
36
121
239
318
298
197
92
32
9
4
7
4
4
7
7
5
4
5
4
3
2
3
3
1
1
4
3
0
0
0
0
0
0
0
0
0
0
0
0
0
0
0
0
0
0
0
0
0
0
0
0
0
0
0
0
0
-1
-1
-2
-2
0
0
-2
-2
0
0
0
0
0
-1
-12
-48
-122
-237
-340
-352
-238
-61
39
28
-2
-8
-7
-7
-6
-5
-6
-5
-6
-7
-6
-4
-5
-8
-4
4
-60
-248
308
216
121
10
-12
-46
-153
-135
-33
-40
-66
-21
19
17
13
22
26
25
22
18
18
50
142
264
328
281
166
66
17
6
7
4
5
5
5
8
8
7
7
7
5
4
3
2
3
3
1
3
4
1
0
0
0
0
0
0
0
0
0
0
0
0
0
0
0
0
0
0
0
0
0
0
0
0
0
0
-1
-1
-2
-2
-1
-2
-1
0
-2
-2
0
0
0
0
0
0
0
-5
-28
-96
-223
-357
-378
-227
-44
19
4
-7
-8
-8
-7
-7
-6
-4
-6
-8
-6
-4
-7
-10
-4
5
-60
-248
348
212
107
6
-23
-60
-161
-147
-58
-59
-52
7
32
30
31
33
28
19
12
14
50
150
278
332
266
144
49
9
1
4
8
4
4
7
7
8
8
8
9
9
7
5
4
3
2
3
3
2
3
3
1
0
0
0
0
0
0
0
0
0
0
0
0
0
0
0
0
0
0
0
0
0
0
0
-1
-1
-2
-2
-1
-2
-1
-2
-2
0
-2
-2
0
0
0
0
0
0
0
0
-2
-18
-81
-215
-375
-397
-214
-33
9
-4
-8
-8
-8
-8
-7
-5
-6
-8
-6
-4
-9
-13
-5
6
-59
-248
398
178
86
22
-34
-75
-149
-165
-110
-75
-25
39
52
41
33
24
17
9
8
43
151
290
340
258
127
39
6
0
0
4
8
5
5
8
8
8
8
8
10
10
9
8
5
4
3
2
3
3
2
4
3
0
0
0
0
0
0
0
0
0
0
0
0
0
0
0
0
0
0
0
0
0
0
-1
-3
-2
-1
-2
-1
-2
-2
-2
-2
0
-2
-3
-1
0
0
0
0
0
0
0
0
-1
-12
-71
-259
-464
-387
-124
1
0
-8
-9
-8
-8
-8
-7
-6
-7
-6
-5
-10
-13
-8
4
-56
-247
429
125
50
50
-13
-65
-113
-175
-173
-90
8
63
58
34
20
11
6
5
37
143
291
351
261
119
31
4
0
0
0
4
8
7
7
8
8
8
9
9
9
9
11
11
7
5
5
3
1
4
3
3
4
1
0
0
0
0
0
0
0
0
0
0
0
0
0
0
0
0
0
0
0
0
-1
-3
-3
-2
-1
-2
-2
-2
-2
-2
-3
-1
-2
-4
-3
-1
0
0
0
0
0
0
0
1
3
-9
-148
-421
-480
-227
-25
4
-8
-10
-8
-8
-8
-8
-6
-6
-6
-6
-10
-13
-12
1
-52
-245
444
100
13
58
25
-41
-79
-155
-205
-111
22
64
42
19
9
5
3
27
129
286
359
272
122
27
0
-1
0
0
0
4
8
8
8
8
8
9
11
11
9
9
12
11
9
8
6
4
1
3
4
2
4
3
0
0
0
0
0
0
0
0
0
0
0
0
0
0
0
0
0
0
0
-1
-3
-3
-2
-3
-2
-1
-2
-3
-3
-2
-4
-4
-3
-4
-4
-3
-1
0
0
0
0
0
1
3
4
3
-80
-332
-504
-325
-62
8
-7
-9
-9
-9
-8
-8
-7
-6
-5
-6
-10
-15
-16
0
-49
-244
459
119
-4
20
36
-7
-55
-115
-188
-138
-4
46
24
9
5
4
18
105
270
369
290
131
30
-1
-4
-3
-1
0
1
4
7
8
8
9
9
10
12
12
11
12
12
9
11
11
6
5
3
1
4
3
4
4
0
0
0
0
0
0
0
0
0
0
0
0
0
0
0
0
0
0
-1
-3
-3
-2
-3
-3
-2
-1
-3
-4
-4
-4
-5
-7
-4
-4
-4
-4
-3
0
0
0
1
1
2
4
4
4
-37
-243
-493
-406
-109
8
-4
-9
-11
-10
-8
-8
-8
-6
-5
-7
-9
-15
-19
-1
-48
-244
483
150
-17
-48
16
38
-26
-80
-143
-156
-58
18
16
6
4
10
76
240
374
322
151
32
0
-4
-5
-4
-2
0
3
4
5
8
8
10
11
10
12
12
12
15
12
9
12
12
8
6
4
1
4
4
3
4
1
0
0
0
0
0
0
0
0
0
0
0
0
0
0
0
0
-1
-3
-3
-2
-3
-3
-2
-3
-3
-5
-5
-5
-7
-7
-7
-4
-5
-4
-4
-4
0
0
0
-1
-3
3
10
7
4
-12
-171
-450
-456
-172
-5
0
-10
-11
-9
-9
-9
-8
-7
-6
-7
-8
-14
-21
-3
-48
-244
509
141
-49
-89
-5
71
16
-53
-104
-157
-107
-11
12
6
6
45
193
365
361
190
44
-3
-4
-4
-6
-4
-2
0
4
4
4
8
8
9
12
11
12
13
12
15
13
11
12
12
11
6
4
3
3
4
2
4
3
0
0
0
0
0
0
0
0
0
0
0
0
0
0
0
-1
-3
-3
-2
-3
-3
-2
-3
-4
-5
-8
-7
-6
-8
-8
-6
-5
-6
-4
-4
-4
-1
0
0
-13
-30
-6
33
30
10
0
-114
-382
-479
-250
-32
6
-8
-9
-9
-11
-10
-8
-8
-6
-6
-8
-15
-23
-4
-48
-244
511
88
-69
-68
-17
64
56
-22
-92
-159
-127
-23
11
5
23
134
328
395
249
72
0
-8
-5
-5
-5
-3
-2
0
3
3
4
8
8
9
12
11
12
15
13
13
14
13
12
12
12
7
5
4
1
4
3
4
2
-6
-9
-9
-7
-4
-1
1
4
7
10
10
5
1
0
0
-3
-4
-2
-3
-3
-2
-3
-4
-6
-8
-10
-8
-6
-8
-8
-7
-6
-5
-5
-4
-3
-2
-1
-1
-25
-78
-61
44
91
49
14
-66
-305
-487
-332
-66
13
-5
-8
-10
-12
-10
-8
-8
-7
-7
-7
-16
-25
-4
-48
-244
477
60
-39
-20
-28
21
69
10
-105
-172
-113
-10
14
8
77
264
406
318
121
12
-8
-8
-7
-6
-3
-1
-1
0
1
1
4
7
8
11
11
10
12
15
15
13
13
14
13
12
12
9
7
4
0
4
4
1
-12
-33
-38
-31
-22
-13
-4
4
12
22
33
32
17
6
2
1
-2
-3
3
8
6
-1
-4
-5
-10
-11
-9
-8
-7
-9
-8
-7
-6
-5
-7
-4
-1
-1
-2
-2
-22
-105
-157
-32
135
143
66
-20
-232
-475
-398
-109
12
-2
-8
-10
-12
-10
-9
-9
-7
-7
-6
-16
-26
-5
-49
-244
429
102
22
4
-36
-22
43
16
-123
-172
-73
12
14
31
177
380
389
195
35
-8
-8
-8
-8
-5
-1
0
0
0
0
0
3
5
8
12
10
10
12
14
16
14
12
14
14
12
13
11
8
4
0
4
4
-8
-43
-75
-61
-31
-17
-11
-5
3
8
18
32
30
18
11
6
3
-2
-7
12
41
39
16
1
-6
-12
-12
-8
-8
-9
-11
-8
-6
-7
-6
-7
-5
-1
0
-1
0
-9
-82
-211
-191
50
224
181
54
-162
-436
-434
-165
-3
3
-8
-10
-12
-10
-10
-10
-6
-6
-7
-16
-25
-7
-51
-244
399
156
65
6
-33
-40
-11
-25
-128
-133
-24
23
13
89
301
430
296
89
-2
-12
-8
-8
-8
-4
0
0
0
0
0
0
1
4
8
11
11
10
12
14
15
14
13
15
13
12
14
12
9
4
0
4
4
-14
-60
-86
-45
2
10
4
-1
-4
-8
-8
-3
-3
1
5
3
0
-12
-26
-5
49
77
61
27
0
-12
-12
-8
-9
-11
-11
-8
-7
-8
-6
-6
-6
-2
0
0
2
1
-35
-173
-301
-154
158
282
181
-61
-368
-450
-230
-27
9
-7
-10
-11
-11
-10
-9
-7
-7
-8
-15
-24
-9
-52
-244
399
152
68
15
-22
-38
-59
-93
-123
-70
11
19
30
185
403
399
180
25
-11
-12
-8
-8
-8
-4
0
0
0
0
0
0
0
4
8
9
12
11
12
13
13
15
15
16
12
12
13
12
11
4
0
4
4
-9
-38
-49
-13
19
18
9
2
-6
-12
-17
-20
-19
-11
-6
-6
-8
-22
-42
-44
-3
58
92
67
15
-11
-12
-8
-11
-12
-9
-8
-8
-8
-7
-7
-5
-1
0
0
1
3
-4
-90
-272
-317
-64
234
297
97
-253
-454
-298
-52
16
-4
-11
-10
-11
-11
-9
-8
-8
-8
-13
-23
-11
-53
-244
422
117
42
25
-12
-28
-71
-136
-125
-35
20
13
77
301
450
310
85
-3
-12
-13
-9
-9
-9
-4
2
2
0
0
0
0
0
4
8
8
12
12
12
12
12
16
16
16
12
12
12
12
12
4
0
4
4
-1
-8
-11
1
9
6
3
1
-2
-4
-6
-8
-9
-8
-8
-8
-9
-18
-32
-49
-48
-4
64
73
22
-9
-12
-9
-12
-12
-8
-8
-8
-8
-8
-8
-4
0
0
0
0
1
4
-27
-162
-333
-283
26
283
250
-83
-415
-351
-79
20
0
-11
-11
-10
-11
-10
-8
-8
-8
-13
-22
-12
-55
-244
461
95
-12
16
8
-14
-52
-124
-137
-56
7
22
151
400
437
207
25
-11
-12
-17
-19
-21
-21
-8
15
20
8
2
1
0
1
4
8
9
11
12
12
12
13
15
15
16
12
12
13
12
11
4
0
4
4
3
3
0
1
1
0
0
0
0
0
0
0
-1
-2
-5
-5
-4
-8
-12
-22
-37
-29
14
34
9
-9
-12
-11
-12
-12
-8
-8
-8
-8
-8
-7
-4
-1
0
0
0
0
4
0
-65
-244
-374
-209
120
285
86
-297
-353
-111
13
4
-8
-11
-11
-10
-9
-8
-8
-8
-15
-22
-11
-57
-245
485
68
-74
9
51
7
-29
-81
-137
-103
-26
48
248
458
370
117
-3
-8
-8
-22
-43
-50
-46
-25
24
50
31
11
8
8
10
9
10
11
10
12
12
12
14
14
13
15
13
13
14
11
9
4
1
4
3
4
4
0
0
0
0
0
0
0
0
0
0
0
0
-4
-4
-3
-4
-2
-6
-14
-17
-10
-2
-6
-11
-12
-12
-12
-12
-9
-8
-8
-8
-8
-5
-3
-3
-1
0
1
1
4
6
-13
-138
-345
-355
-93
176
160
-137
-280
-129
-1
8
-5
-9
-12
-11
-8
-8
-8
-8
-15
-21
-11
-59
-246
452
50
-78
14
86
40
-13
-47
-114
-135
-70
78
337
453
253
38
1
31
31
-5
-51
-66
-64
-69
-30
36
48
27
26
32
32
23
18
20
19
16
12
12
14
14
12
14
14
14
14
9
7
4
3
4
2
4
3
0
0
0
0
0
0
0
0
0
0
0
0
-4
-4
-4
-4
-1
-4
-8
-11
-14
-12
-10
-12
-12
-12
-12
-12
-10
-8
-8
-8
-8
-4
-2
-4
-2
0
2
3
4
5
5
-60
-256
-399
-264
11
112
-33
-164
-104
-5
12
-3
-8
-12
-12
-8
-8
-8
-8
-13
-20
-14
-60
-245
399
89
-27
-7
74
76
5
-39
-100
-145
-89
100
345
344
98
-19
65
160
142
51
-19
-46
-85
-161
-142
-13
49
36
44
61
51
22
18
40
46
32
21
19
16
13
13
14
13
14
14
7
5
4
4
4
3
4
1
0
0
0
0
0
0
0
0
0
0
0
0
-4
-4
-4
-4
-3
-4
-8
-12
-13
-12
-11
-12
-12
-13
-12
-11
-9
-8
-8
-8
-8
-5
-3
-3
-1
0
1
4
4
4
8
-15
-160
-374
-365
-129
14
-23
-80
-49
10
18
0
-8
-12
-12
-8
-8
-8
-8
-12
-19
-15
-61
-245
407
135
-9
-53
24
89
28
-57
-123
-136
-61
102
247
159
-37
-14
212
360
269
98
14
-32
-153
-284
-201
3
62
32
51
86
56
-13
-14
46
71
49
36
39
32
21
16
13
13
14
12
6
4
4
4
3
4
4
0
0
0
0
0
0
0
0
0
0
0
0
-1
-4
-4
-4
-3
-4
-5
-8
-11
-12
-12
-12
-13
-12
-14
-12
-9
-8
-8
-8
-8
-8
-7
-4
-1
0
0
0
4
4
4
8
4
-85
-303
-408
-239
-60
-45
-61
-19
28
29
6
-7
-11
-12
-9
-8
-8
-8
-12
-17
-13
-63
-247
468
131
-41
-83
-30
67
39
-91
-152
-103
-20
76
119
15
-82
64
392
515
303
84
15
-65
-267
-369
-155
84
91
30
53
107
68
-41
-58
28
73
37
14
44
70
58
29
14
14
13
9
6
4
4
4
2
4
3
0
0
0
0
0
0
0
0
0
0
0
0
-3
-4
-4
-4
-1
-4
-7
-8
-9
-12
-12
-12
-15
-12
-13
-12
-8
-8
-8
-8
-8
-8
-8
-4
0
0
0
0
4
4
4
8
8
-33
-214
-410
-330
-110
-45
-67
-37
23
42
17
-4
-10
-12
-10
-8
-8
-8
-12
-16
-12
-64
-248
508
133
-57
-88
-63
15
6
-114
-137
-58
-5
34
36
-29
-45
167
523
561
248
38
0
-125
-373
-387
-74
146
116
37
47
109
94
-20
-70
15
68
1
-55
2
96
117
68
26
14
11
8
5
4
4
3
3
4
1
0
0
0
0
0
0
0
0
0
0
0
0
-4
-4
-4
-4
0
-4
-8
-8
-9
-12
-11
-12
-15
-12
-12
-12
-9
-8
-8
-8
-8
-8
-7
-4
-1
0
0
1
4
4
4
8
9
-3
-137
-373
-391
-172
-42
-57
-64
-8
43
32
2
-11
-12
-9
-8
-8
-8
-12
-16
-12
-64
-248
498
170
-26
-78
-72
-52
-70
-108
-80
-26
-11
1
1
-21
10
250
582
537
187
9
-19
-183
-428
-365
-30
160
135
54
33
80
103
25
-49
13
65
-22
-104
-51
77
155
128
58
18
8
7
4
4
4
2
4
3
0
0
0
0
0
0
0
0
0
0
0
0
0
-4
-4
-4
-4
0
-4
-8
-8
-11
-12
-9
-12
-13
-12
-12
-11
-11
-9
-8
-8
-8
-8
-7
-7
-5
-2
-1
2
3
2
2
5
8
11
-72
-298
-416
-253
-61
-33
-65
-43
21
43
13
-11
-12
-8
-8
-8
-8
-12
-16
-12
-65
-248
467
184
23
-55
-70
-96
-136
-100
-32
-14
-16
-4
-9
-20
40
301
599
500
154
2
-43
-234
-435
-324
-29
134
147
86
32
39
68
27
-41
6
66
-3
-81
-56
39
144
175
108
33
6
5
4
4
3
3
4
1
0
0
0
0
0
0
0
0
0
0
0
0
0
-4
-4
-4
-4
0
-4
-7
-8
-12
-11
-9
-12
-12
-12
-12
-10
-11
-11
-11
-14
-15
-13
-15
-17
-11
-7
-6
-2
0
-2
-1
0
0
22
0
-196
-408
-328
-95
-15
-49
-61
-12
40
26
-7
-12
-8
-8
-8
-8
-12
-17
-12
-66
-248
443
142
56
-11
-61
-97
-151
-117
-34
-17
-12
17
-5
-39
33
304
593
493
158
7
-66
-275
-425
-283
-43
86
137
121
57
11
-10
-57
-93
-11
101
87
11
-14
15
97
180
161
69
12
3
4
4
2
4
3
0
0
0
0
0
0
0
0
0
0
0
0
0
0
-4
-4
-3
-4
-2
-9
-14
-7
-2
-5
-10
-12
-12
-12
-12
-11
-12
-18
-24
-29
-29
-28
-35
-25
-5
-11
-22
-15
-5
-8
4
24
13
32
65
-93
-376
-387
-149
-19
-31
-57
-35
22
32
0
-12
-8
-8
-8
-8
-13
-19
-11
-66
-248
417
90
73
51
-37
-77
-125
-142
-79
-34
-8
42
10
-57
-1
242
545
530
224
31
-80
-301
-419
-259
-53
40
97
130
88
-6
-102
-180
-176
-32
153
220
147
50
4
33
143
210
135
31
1
4
3
3
4
1
0
0
0
0
0
0
0
0
0
0
0
-1
-4
-9
-8
4
7
-4
-19
-48
-47
17
48
13
-10
-11
-11
-12
-13
-17
-30
-43
-38
-23
-20
-40
-58
-19
20
-16
-56
-39
-13
-25
9
107
103
52
78
-39
-348
-446
-230
-42
-14
-40
-40
1
25
4
-11
-8
-8
-8
-8
-15
-20
-10
-68
-247
391
86
71
93
5
-55
-96
-154
-126
-56
-13
51
33
-54
-40
135
435
568
352
94
-77
-311
-422
-254
-56
11
46
97
86
-21
-161
-248
-206
-42
159
298
270
120
-7
-37
93
263
222
61
0
3
2
4
3
0
0
0
-1
-1
0
1
1
0
0
-1
-4
-18
-39
-41
0
47
35
-20
-88
-141
-65
109
140
38
-10
-9
-9
-13
-21
-42
-75
-77
-26
29
23
-38
-64
0
38
-35
-97
-64
-25
-60
-6
214
254
95
42
-62
-365
-502
-287
-53
0
-22
-31
-11
9
1
-10
-9
-8
-7
-8
-16
-19
-12
-72
-244
396
109
33
82
49
-30
-90
-160
-146
-65
-20
46
58
-33
-68
32
285
542
488
208
-42
-300
-432
-271
-60
2
12
44
48
-31
-167
-241
-174
-36
124
288
314
158
-21
-85
69
318
304
94
0
2
3
3
1
0
0
0
-3
-3
0
3
3
0
-3
-15
-41
-87
-115
-52
78
130
40
-98
-211
-204
27
256
206
46
-9
-9
-9
-19
-50
-93
-118
-83
5
72
45
-28
-26
36
25
-69
-113
-68
-44
-108
-30
292
377
140
9
-126
-442
-538
-262
-24
12
-9
-19
-14
-4
-5
-11
-10
-8
-6
-8
-15
-16
-15
-77
-241
427
110
-17
34
69
-3
-105
-170
-136
-56
-21
40
75
-6
-76
-36
140
431
562
359
44
-248
-419
-306
-94
-14
-4
9
13
-35
-148
-210
-138
-24
99
244
274
136
-26
-80
82
356
357
121
3
3
3
1
0
0
0
0
-4
-4
0
4
3
-7
-33
-80
-137
-179
-134
48
216
159
-56
-229
-277
-118
214
358
192
28
-9
-11
-14
-45
-108
-138
-110
-55
-1
18
-13
-7
80
105
4
-89
-90
-58
-76
-149
-32
341
437
164
-3
-184
-534
-555
-192
27
25
-1
-12
-13
-9
-9
-11
-9
-8
-7
-9
-13
-12
-16
-83
-240
454
93
-43
-13
54
10
-127
-175
-102
-39
-20
35
79
24
-62
-73
28
275
537
498
188
-130
-328
-316
-184
-93
-38
-5
1
-34
-130
-188
-124
-14
100
207
200
84
-15
-38
108
371
379
137
8
3
1
0
-2
-3
0
3
-1
-3
0
0
-14
-55
-125
-191
-217
-171
-2
225
264
30
-217
-289
-190
82
363
349
128
6
-10
-12
-34
-110
-172
-128
-51
-36
-77
-132
-126
26
221
208
28
-69
-61
-69
-112
-151
6
379
453
167
-14
-229
-587
-552
-149
55
37
8
-5
-10
-10
-8
-8
-8
-8
-8
-11
-12
-9
-16
-87
-240
475
73
-50
-39
11
-10
-141
-162
-60
-21
-20
30
76
50
-32
-86
-45
128
418
561
364
45
-164
-249
-274
-242
-130
-29
-1
-26
-107
-170
-124
-7
114
179
134
44
-1
-4
127
380
387
140
7
1
0
-5
-17
-14
8
19
8
-2
-5
-28
-86
-167
-231
-234
-174
-34
191
306
123
-174
-284
-207
-21
262
412
266
64
-3
-8
-17
-84
-205
-205
-59
14
-61
-194
-272
-192
61
314
304
98
-33
-68
-102
-121
-102
77
404
434
152
-38
-280
-602
-518
-135
45
38
22
11
0
-6
-5
-6
-8
-8
-7
-10
-12
-9
-18
-89
-238
499
59
-58
-49
-29
-27
-126
-158
-56
-12
-18
29
72
60
5
-70
-86
14
250
507
501
241
3
-149
-297
-366
-240
-65
-3
-14
-72
-139
-119
-2
118
145
84
23
4
9
145
396
387
129
0
0
-4
-34
-64
-19
52
53
15
-10
-42
-116
-210
-259
-228
-149
-50
118
285
200
-97
-261
-199
-71
119
365
391
174
21
-4
-5
-35
-162
-294
-201
17
54
-112
-293
-315
-157
98
328
338
144
-27
-99
-113
-90
-32
162
420
385
116
-92
-360
-593
-438
-111
22
29
33
30
15
1
-4
-6
-7
-8
-6
-7
-10
-11
-24
-91
-233
516
84
-66
-54
-2
55
-68
-230
-159
-37
-12
31
68
55
33
-31
-97
-62
94
347
515
417
152
-113
-310
-377
-252
-72
-4
-5
-36
-87
-88
0
91
94
45
13
5
21
178
415
368
105
-7
-2
-29
-108
-127
24
141
85
3
-55
-144
-242
-277
-219
-116
-40
47
198
227
2
-209
-187
-77
25
224
411
326
100
2
-3
-4
-67
-248
-348
-179
48
57
-146
-324
-275
-76
138
298
292
122
-43
-100
-78
-49
23
254
440
311
41
-205
-462
-533
-305
-63
17
30
35
33
18
1
-4
-5
-5
-7
-7
-7
-7
-12
-30
-93
-228
508
156
-52
-43
113
225
3
-352
-349
-121
-16
33
67
46
39
13
-72
-102
-18
158
386
492
304
-87
-347
-323
-162
-39
-4
-2
-12
-34
-40
1
44
41
20
9
7
49
237
429
319
70
-12
-17
-100
-210
-126
138
217
76
-52
-162
-269
-290
-207
-95
-24
12
100
187
77
-127
-163
-71
-15
82
318
424
240
46
-3
-2
-7
-108
-319
-361
-151
32
26
-149
-289
-210
-10
173
255
197
64
-39
-59
-30
-23
71
343
447
209
-99
-369
-516
-394
-154
-11
36
45
30
17
5
-7
-5
-3
-4
-6
-7
-7
-7
-13
-34
-97
-223
470
219
3
10
226
313
42
-368
-480
-261
-58
36
71
42
30
40
-29
-111
-82
26
198
403
406
62
-288
-292
-113
-15
-3
-2
-2
-6
-8
2
12
11
9
8
12
100
321
427
238
29
-19
-66
-217
-270
-4
275
213
-1
-164
-284
-304
-204
-81
-14
0
33
118
105
-50
-125
-63
-10
8
140
386
402
162
14
-3
-3
-18
-150
-362
-347
-122
8
-10
-138
-238
-157
35
194
207
108
21
-16
-17
-7
3
149
407
394
57
-293
-496
-448
-215
-42
24
57
54
20
0
-9
-15
-7
0
-3
-7
-6
-6
-7
-15
-40
-102
-216
416
224
83
102
245
234
54
-207
-433
-388
-160
8
67
42
15
29
-8
-91
-92
-24
62
218
361
252
-61
-222
-150
-51
-12
-2
0
0
0
2
4
4
6
8
34
184
401
385
140
-9
-44
-162
-324
-216
182
345
121
-137
-288
-317
-212
-78
-9
2
0
41
89
20
-78
-59
-6
-2
32
219
422
340
103
3
-1
-3
-33
-184
-371
-304
-77
13
-25
-138
-226
-140
60
190
154
53
6
0
0
-2
55
262
423
241
-162
-459
-483
-281
-71
20
42
54
44
9
-8
-14
-18
-8
2
-1
-7
-7
-7
-6
-17
-45
-101
-210
376
180
136
189
199
101
63
14
-233
-410
-306
-99
32
37
-5
-9
-15
-46
-49
-25
-3
63
197
280
176
-20
-126
-115
-59
-19
-3
0
1
3
4
4
6
15
96
300
429
275
35
-40
-92
-275
-346
-47
328
296
-33
-279
-332
-227
-84
-10
5
-5
-9
29
46
-9
-38
-11
4
-9
62
306
436
253
58
11
4
-1
-41
-192
-323
-200
12
53
-27
-173
-286
-183
44
149
96
24
4
4
2
20
150
359
338
-15
-382
-487
-332
-115
16
66
46
18
18
1
-11
-12
-17
-9
1
0
-5
-8
-7
-7
-20
-45
-95
-207
371
120
141
234
156
30
71
144
-50
-345
-399
-224
-29
24
-16
-32
-13
28
44
-9
-69
-54
35
153
225
182
43
-78
-103
-68
-32
-13
0
4
4
4
10
58
211
389
345
88
-70
-48
-129
-338
-262
159
383
144
-207
-346
-257
-97
-11
4
2
-18
-35
8
40
11
-3
3
1
-9
98
373
420
161
28
39
17
-1
-38
-163
-224
-61
110
87
-45
-237
-372
-247
-6
82
43
10
4
3
10
89
273
352
102
-292
-466
-355
-150
-8
78
107
28
-37
-15
-5
-11
-10
-16
-11
0
1
-4
-8
-5
-9
-25
-40
-84
-208
389
70
134
234
119
21
73
133
-19
-268
-363
-266
-77
16
-5
-24
10
121
193
63
-151
-210
-111
12
119
201
193
87
-26
-78
-75
-46
-19
-11
-4
8
45
156
307
325
115
-106
-87
6
-144
-327
-116
308
340
-49
-327
-294
-127
-17
5
3
-4
-36
-58
3
60
34
6
3
0
4
143
399
359
89
33
73
24
-6
-24
-127
-175
-8
143
79
-87
-274
-367
-233
-36
28
12
5
3
4
51
203
329
168
-204
-429
-362
-169
-24
62
136
129
-5
-94
-56
-15
-9
-10
-15
-13
-1
3
-4
-7
-4
-11
-30
-24
-48
-221
409
48
123
194
84
40
62
41
-60
-182
-280
-259
-86
27
15
-6
24
171
336
227
-126
-341
-281
-129
-8
90
172
193
127
27
-33
-43
-44
-45
-22
24
107
217
235
78
-127
-132
63
77
-185
-271
31
351
213
-204
-332
-171
-31
5
2
1
-13
-53
-53
24
66
32
4
1
-1
26
197
383
252
57
91
94
-7
-37
1
-88
-232
-115
83
49
-103
-224
-239
-132
-25
7
3
3
4
34
148
279
194
-135
-382
-350
-178
-41
45
129
194
145
-36
-163
-117
-33
-7
-8
-14
-16
-3
5
-3
-6
-4
-12
-34
4
20
-247
440
65
74
125
69
56
31
-28
-47
-111
-258
-254
-63
48
29
6
17
136
360
393
76
-278
-384
-294
-150
-32
59
134
163
132
77
26
-17
-39
-19
40
110
126
23
-131
-151
58
235
43
-248
-182
144
302
47
-268
-237
-63
4
5
1
-1
-23
-60
-27
49
52
15
1
0
-5
46
254
344
121
58
186
109
-76
-133
2
7
-258
-283
-50
14
-61
-109
-92
-40
-6
3
1
8
38
126
235
178
-102
-346
-334
-171
-46
14
87
203
270
170
-85
-258
-186
-51
-6
-6
-14
-18
-5
6
0
-6
-5
-14
-38
32
84
-271
495
95
6
63
52
31
-6
-22
-4
-121
-274
-216
-32
59
38
11
8
65
261
442
320
-34
-305
-372
-297
-173
-64
17
76
104
97
72
45
18
11
33
37
-17
-97
-109
28
242
230
-73
-249
-73
206
205
-92
-239
-115
-8
6
4
2
-4
-32
-55
-1
57
35
4
0
0
-12
60
298
294
11
83
274
127
-133
-277
-89
121
-112
-327
-192
-43
-17
-22
-16
-6
-1
5
18
53
122
199
156
-88
-326
-327
-171
-42
19
43
104
261
356
186
-165
-351
-230
-59
-7
-6
-13
-18
-6
6
2
-5
-7
-19
-39
40
93
-273
548
91
-25
40
0
-29
-10
20
-18
-187
-253
-143
-13
57
44
13
6
19
138
367
448
216
-108
-282
-317
-286
-206
-106
-30
12
32
47
55
40
23
14
-12
-50
-53
31
190
266
88
-153
-172
13
199
98
-149
-152
-30
6
4
3
1
-10
-40
-41
20
52
23
2
0
0
-17
75
312
225
-47
138
330
135
-142
-374
-266
103
112
-164
-238
-118
-29
-9
-5
2
14
34
71
119
145
93
-79
-275
-307
-173
-49
10
64
78
87
251
402
199
-223
-401
-242
-58
-7
-6
-12
-18
-5
7
1
-4
-9
-25
-40
12
33
-239
568
60
-17
50
-68
-84
29
34
-102
-221
-175
-80
-11
50
47
16
6
4
54
236
437
377
82
-136
-199
-236
-261
-227
-155
-83
-32
0
18
16
10
6
-1
2
42
145
252
183
-73
-194
-95
44
125
18
-114
-60
5
4
4
2
0
-18
-48
-22
39
43
13
1
0
-1
-14
96
295
138
-64
214
366
125
-127
-370
-415
-83
187
77
-118
-133
-64
-26
-11
12
47
73
87
80
11
-115
-219
-229
-147
-49
0
35
98
97
38
169
396
242
-216
-408
-237
-53
-6
-6
-11
-17
-4
7
0
-4
-12
-31
-50
-34
-33
-186
556
43
0
70
-114
-124
49
1
-171
-179
-81
-46
-20
38
49
21
7
4
14
114
333
444
251
-26
-117
-99
-134
-206
-228
-180
-107
-47
-11
0
1
7
26
64
131
219
219
5
-240
-217
-57
17
31
-2
-29
-2
10
2
3
2
0
-23
-52
-6
51
33
5
0
0
-2
-4
114
256
57
-55
288
391
108
-125
-329
-460
-275
62
170
53
-40
-30
2
6
9
30
33
0
-54
-124
-174
-154
-88
-30
5
28
77
139
86
-54
46
358
299
-169
-393
-222
-46
-6
-5
-10
-15
-4
5
1
-4
-16
-38
-66
-46
-16
-165
531
39
9
86
-117
-160
-16
-53
-144
-86
-18
-32
-33
19
51
30
9
6
5
38
195
409
393
115
-97
-84
-10
-30
-115
-165
-139
-72
-20
-2
-1
7
37
93
163
199
65
-244
-370
-188
-42
-44
-21
36
43
18
5
3
2
1
-2
-26
-46
5
51
25
1
0
0
-1
6
116
203
6
-19
345
402
103
-126
-315
-453
-361
-96
86
94
51
49
58
33
-10
-38
-60
-83
-101
-105
-84
-44
-8
15
33
51
122
216
105
-166
-115
275
325
-117
-365
-198
-34
-5
-5
-10
-12
-4
4
2
-5
-19
-44
-71
-8
61
-195
494
18
14
104
-74
-187
-137
-90
-54
-5
7
-25
-45
-1
52
41
12
5
6
9
84
290
441
304
6
-143
-72
48
66
3
-37
-27
-7
0
-2
4
24
61
99
72
-141
-425
-390
-122
-41
-91
-17
86
67
15
2
3
3
1
-8
-32
-31
18
43
18
-1
-1
1
0
12
104
145
-14
36
383
403
114
-95
-281
-435
-396
-200
-34
29
46
58
57
28
-16
-55
-74
-66
-47
-29
-11
6
22
39
47
45
113
264
177
-202
-259
155
314
-71
-327
-166
-18
-5
-6
-8
-9
-4
3
1
-7
-22
-38
-35
43
71
-249
411
-10
49
155
-3
-199
-231
-97
14
30
12
-20
-50
-15
49
47
17
5
4
4
26
154
370
432
204
-93
-181
-56
76
112
101
75
47
25
8
3
6
15
19
-58
-296
-476
-321
-71
-46
-91
9
101
55
7
3
1
3
2
-14
-37
-14
32
32
9
-2
-2
2
0
17
88
90
-20
93
411
401
125
-42
-179
-344
-393
-294
-156
-61
-13
9
15
5
-8
-20
-22
-9
0
-3
4
27
41
45
36
18
54
210
216
-132
-294
56
285
-31
-282
-131
-5
-6
-5
-5
-6
-4
0
0
-9
-29
-13
64
109
-13
-336
284
-5
116
242
69
-213
-270
-83
41
37
12
-15
-46
-26
36
49
25
7
2
4
7
59
234
427
374
60
-177
-130
-8
34
73
110
114
90
54
29
14
5
-13
-139
-389
-452
-224
-44
-50
-57
32
80
34
4
3
1
2
1
-15
-35
-3
37
22
2
-1
-1
1
-1
21
73
44
-24
142
435
400
129
-7
-68
-179
-287
-323
-273
-188
-110
-43
6
16
5
4
14
23
4
-31
-18
30
41
26
12
-1
7
108
167
-49
-225
10
242
5
-227
-101
3
-5
-4
-3
-3
-4
-2
-1
-13
-36
26
194
209
-80
-470
185
26
154
300
111
-220
-250
-55
40
32
12
-8
-37
-39
14
51
35
10
3
4
4
15
108
317
437
211
-112
-88
43
-27
-79
-13
66
105
99
75
49
27
-11
-175
-416
-386
-129
-24
-53
-23
48
54
18
4
2
2
2
1
-11
-26
1
29
14
0
0
0
0
-3
21
59
11
-25
180
454
400
132
4
-13
-51
-128
-224
-294
-309
-245
-88
73
99
39
15
8
-29
-86
-107
-51
14
22
5
-4
-7
-6
37
76
-20
-131
0
183
33
-157
-74
5
-4
-3
-1
-3
-4
-1
-4
-20
-33
75
292
286
-89
-589
153
41
128
277
123
-149
-140
-29
-18
-12
6
1
-28
-49
-7
49
43
15
5
4
3
3
34
176
383
307
-34
-48
174
102
-98
-143
-85
-10
36
50
55
55
13
-162
-369
-292
-57
-8
-51
-6
54
40
9
4
3
1
2
3
-5
-13
2
15
7
0
0
0
0
-5
17
43
-9
-17
206
466
402
135
6
-1
-6
-36
-122
-258
-364
-314
-49
225
226
69
-20
-88
-186
-228
-158
-49
3
4
-4
-7
-7
-5
6
8
-27
-70
-5
116
50
-78
-45
2
-3
-1
-1
-4
-3
-1
-8
-28
-22
124
333
283
-112
-626
155
35
71
207
160
26
22
-25
-135
-114
-22
7
-19
-49
-24
36
48
22
7
4
2
3
8
70
251
323
72
-52
201
293
71
-102
-134
-115
-82
-41
11
50
4
-180
-331
-217
-24
-6
-45
2
53
33
5
3
3
1
3
3
0
-2
1
5
3
0
0
0
0
-7
7
22
-16
2
220
470
409
137
-4
-15
-9
-33
-140
-289
-360
-235
104
371
282
31
-138
-249
-300
-239
-108
-17
2
-3
-7
-5
-5
-4
-3
-15
-34
-51
-24
53
58
-7
-16
0
-1
-1
-3
-3
-1
-3
-13
-35
-14
142
313
218
-160
-570
159
31
35
165
233
192
124
-35
-230
-223
-72
2
-9
-39
-39
13
50
32
9
4
3
4
4
19
118
258
164
-41
121
382
272
41
-56
-87
-93
-66
-18
8
-88
-302
-367
-179
-18
-19
-37
14
51
26
3
2
2
2
3
1
3
3
0
1
1
0
0
0
0
-7
-9
-6
-11
29
223
468
421
140
-32
-68
-62
-96
-225
-327
-286
-86
237
401
222
-59
-255
-328
-248
-111
-23
2
0
-4
-7
-4
-4
-4
-4
-12
-29
-52
-52
7
61
41
7
-1
-1
-2
-3
-1
0
-5
-21
-34
6
125
211
114
-153
-448
161
35
35
175
283
241
133
-34
-250
-279
-115
-9
-1
-26
-48
-10
45
42
14
4
3
4
4
4
38
154
179
-1
41
360
410
181
23
-20
-30
-24
-13
-35
-197
-440
-413
-143
-13
-35
-25
31
47
17
2
3
2
1
2
1
3
3
0
0
0
1
1
-1
-1
-5
-25
-35
-2
55
218
464
438
149
-51
-133
-186
-234
-282
-257
-153
19
271
362
147
-142
-308
-280
-118
-8
10
1
-3
-4
-5
-4
-4
-4
-4
-6
-21
-55
-71
-12
64
61
16
-3
-2
-1
-1
0
-1
-9
-30
-14
71
118
46
-16
-75
-327
163
39
45
196
287
208
107
-18
-231
-286
-127
-11
4
-16
-46
-28
30
47
23
5
2
4
4
3
8
65
119
28
10
276
468
322
97
10
0
-1
-12
-66
-261
-503
-411
-99
-2
-45
-14
45
41
10
3
3
2
1
2
2
2
2
0
0
0
2
2
-2
-2
-4
-34
-52
4
66
204
460
460
169
-40
-174
-336
-385
-275
-132
-39
91
305
345
70
-249
-334
-189
-28
16
6
-3
-4
-4
-4
-4
-4
-4
-4
-4
-17
-56
-72
-5
66
56
12
-3
-1
0
0
0
-4
-16
-34
23
155
124
-78
-99
-25
-280
163
40
46
196
279
183
77
-31
-224
-265
-102
4
9
-8
-36
-41
8
46
33
9
2
4
4
3
2
17
45
20
-3
176
446
447
211
44
4
-1
-21
-98
-304
-510
-375
-66
4
-49
-8
52
37
7
4
2
2
2
2
2
2
2
0
0
0
2
2
-1
-2
-4
-34
-54
6
58
179
454
485
194
-41
-232
-436
-418
-203
-50
20
183
393
304
-105
-384
-309
-96
9
9
1
-4
-4
-4
-4
-4
-4
-3
-4
-5
-17
-55
-60
13
64
39
5
-1
0
0
0
-1
-8
-24
-29
59
185
115
-55
-57
-67
-340
161
39
36
185
312
226
35
-122
-251
-229
-64
24
18
2
-24
-46
-14
37
42
17
2
3
3
2
3
2
6
-7
-23
92
355
499
351
120
16
-2
-32
-136
-349
-495
-322
-47
-1
-50
-4
54
35
6
4
2
1
2
3
2
2
2
0
0
0
2
2
0
-2
-4
-30
-49
5
44
150
440
507
210
-96
-339
-459
-318
-104
-17
51
273
443
167
-315
-426
-200
-17
16
1
-1
-4
-4
-4
-4
-4
-4
-1
-3
-6
-20
-53
-45
26
59
26
1
0
0
0
0
-3
-13
-31
-11
90
165
122
82
53
-141
-479
158
39
24
189
394
324
6
-230
-290
-218
-74
14
25
14
-10
-40
-32
18
46
27
4
2
2
2
3
1
0
-18
-32
34
224
447
460
240
55
-1
-43
-173
-392
-472
-264
-36
-12
-49
1
53
32
6
4
2
0
2
4
2
2
2
0
0
0
1
2
0
-2
-3
-26
-43
3
35
125
411
514
207
-190
-438
-409
-184
-33
-8
74
330
398
-28
-418
-326
-76
18
10
-3
-3
-4
-4
-4
-4
-3
-3
0
-1
-6
-25
-51
-31
32
52
20
0
0
0
0
-1
-6
-20
-28
39
155
176
148
161
95
-175
-612
152
42
34
215
441
391
51
-230
-292
-241
-153
-60
2
19
5
-25
-42
-6
41
36
10
3
2
2
2
2
2
-10
-20
6
103
315
484
376
138
11
-52
-202
-426
-451
-215
-28
-22
-48
6
52
29
5
3
3
1
1
3
2
1
1
1
1
0
0
2
0
-2
-1
-20
-35
0
27
104
367
498
181
-287
-468
-303
-84
-5
-10
93
349
287
-191
-392
-177
-4
17
4
-4
-4
-4
-4
-3
-3
-1
-1
0
-1
-8
-32
-50
-15
39
44
15
0
0
0
0
-3
-12
-28
-1
143
278
226
125
94
41
-177
-679
148
42
75
238
378
371
175
-90
-225
-244
-233
-173
-81
-20
0
-10
-36
-24
26
43
21
5
1
2
2
2
2
-2
-5
0
30
171
411
469
264
56
-57
-222
-449
-438
-179
-19
-28
-48
9
53
27
3
1
4
3
0
1
1
0
0
3
3
0
0
1
0
-1
0
-13
-24
-2
17
81
313
458
137
-348
-427
-187
-28
-1
-9
109
318
145
-268
-285
-61
19
8
0
-3
-4
-4
-3
-1
-1
0
-1
-1
-2
-12
-40
-49
3
49
36
9
0
0
0
-1
-6
-19
-29
54
274
392
242
50
-23
-32
-182
-692
171
49
122
230
226
252
287
132
-83
-190
-231
-230
-187
-124
-63
-31
-38
-37
8
46
34
10
1
2
2
2
2
1
1
0
4
69
278
471
394
147
-43
-234
-464
-432
-154
-9
-31
-47
11
54
25
1
0
4
4
0
0
0
0
0
4
4
0
0
0
0
0
0
-8
-13
-2
8
54
253
398
88
-350
-343
-101
-5
-3
0
111
236
20
-252
-158
3
18
1
-3
-1
-3
-3
-1
-1
-1
0
-2
-2
-2
-17
-47
-42
20
53
27
10
17
11
-11
-19
-17
-26
-8
138
370
411
197
-16
-91
-68
-190
-684
256
83
128
181
61
59
296
338
100
-89
-151
-184
-208
-197
-157
-116
-95
-77
-31
23
37
19
6
5
4
3
3
3
2
1
1
17
146
382
465
270
11
-231
-472
-428
-138
-2
-31
-44
12
52
23
0
1
4
3
0
0
0
0
1
4
3
0
0
0
0
0
0
-5
-6
-2
2
28
192
328
44
-310
-243
-47
0
-4
8
85
127
-43
-167
-59
22
9
-2
-3
0
-2
-2
0
-2
-2
0
-1
-1
-5
-25
-50
-26
35
47
25
44
84
43
-62
-89
-48
-28
46
245
399
323
115
-47
-98
-61
-186
-674
388
110
65
115
-29
-102
205
426
255
27
-67
-103
-127
-149
-172
-176
-164
-150
-119
-55
-4
-2
-3
6
9
8
7
6
3
4
4
1
57
245
440
382
111
-198
-469
-425
-130
2
-26
-39
10
46
20
0
3
4
1
0
0
0
0
2
4
2
0
0
0
0
0
0
-4
-4
-1
0
8
131
247
13
-244
-149
-14
0
-4
4
34
32
-41
-63
-2
17
1
-2
-1
0
-2
-2
0
-1
-1
0
0
-1
-11
-34
-47
-5
46
48
61
124
167
51
-158
-195
-89
-8
136
341
360
180
25
-49
-63
-31
-175
-669
501
76
-39
82
-5
-143
95
370
314
130
0
-55
-55
-60
-92
-123
-146
-171
-179
-141
-98
-86
-61
-28
-11
-3
5
10
8
8
8
4
16
120
334
429
240
-121
-450
-423
-129
5
-16
-28
6
33
14
0
4
4
0
0
0
0
0
1
4
3
0
0
0
0
0
0
-4
-4
0
0
-2
70
147
0
-150
-74
1
0
-3
-10
-19
-17
-5
10
18
8
-2
-2
0
0
-1
-1
0
0
0
0
0
-3
-17
-41
-38
18
66
90
133
179
162
-19
-246
-246
-95
48
249
386
268
54
-37
-39
-24
-7
-169
-668
572
13
-135
74
74
-92
21
228
260
205
93
-14
-40
-29
-25
-37
-64
-99
-127
-140
-151
-153
-132
-107
-88
-63
-32
-13
-6
1
8
10
8
46
200
384
352
4
-406
-420
-131
6
-5
-11
4
15
7
1
3
3
0
0
0
0
0
0
4
4
0
0
0
0
0
0
-4
-4
0
0
-3
21
50
-2
-54
-23
3
0
-1
-20
-48
-27
25
38
17
2
-1
-1
0
0
0
0
0
-1
-1
0
0
-6
-25
-46
-23
50
121
168
171
136
55
-131
-276
-205
-42
144
349
363
161
-15
-59
-37
-11
0
-167
-668
623
5
-193
25
120
-16
-30
80
164
235
201
64
-27
-38
-18
-6
-11
-24
-39
-66
-99
-114
-128
-147
-149
-129
-103
-88
-71
-42
-19
-10
-5
10
90
271
390
148
-322
-409
-132
8
3
1
4
5
4
2
2
2
1
1
0
0
0
0
4
4
0
0
0
0
0
0
-3
-3
0
-1
-2
-2
-3
-2
0
1
1
0
-1
-21
-50
-24
34
40
11
-1
0
-1
-1
0
-1
-1
0
-3
-3
-1
-3
-11
-27
-33
11
101
187
212
146
51
-53
-202
-265
-151
38
263
395
280
76
-35
-62
-46
-16
0
-165
-670
659
69
-207
-66
104
47
-50
1
121
208
222
141
26
-35
-33
-13
-2
-1
-3
-12
-26
-36
-60
-92
-108
-118
-132
-140
-129
-103
-86
-78
-60
-35
7
128
313
232
-202
-365
-128
9
6
5
5
6
4
2
4
4
4
3
0
1
1
0
4
4
0
0
0
0
0
1
0
-1
0
-2
-3
-5
-9
-1
8
4
-1
-1
-2
-18
-40
-20
29
33
5
-3
0
-3
-4
-1
-3
-5
-4
-5
1
8
6
3
4
21
75
151
194
171
88
-8
-82
-173
-244
-158
99
351
360
169
24
-32
-58
-52
-22
0
-164
-678
672
154
-192
-133
56
65
-22
19
154
168
120
131
97
8
-36
-28
-9
-1
0
0
-1
-3
-11
-22
-32
-52
-80
-96
-101
-111
-127
-127
-110
-92
-73
-19
138
183
-104
-281
-123
-10
-6
1
6
9
5
4
6
6
6
3
1
3
3
1
4
4
0
1
1
0
0
3
3
0
0
-1
-4
-4
-2
0
1
0
-3
-3
-1
-13
-28
-15
17
21
1
-5
-2
-5
-6
1
5
3
2
7
25
45
52
56
63
79
115
144
127
77
9
-45
-31
-57
-194
-185
110
345
258
74
0
-24
-47
-45
-19
3
-165
-698
662
219
-159
-153
7
29
10
81
209
177
18
22
116
88
-1
-35
-22
-6
0
0
0
0
0
0
-2
-9
-19
-26
-35
-58
-84
-88
-88
-103
-113
-101
-16
49
-83
-202
-129
-59
-44
-24
-8
-1
-5
-6
-6
-4
0
1
4
5
5
3
4
4
0
2
2
0
0
4
4
0
0
0
-4
-4
0
0
-2
-3
-4
-4
-2
-9
-17
-9
8
15
8
3
3
2
6
20
35
41
44
50
62
80
91
94
87
76
79
75
44
-8
-60
-42
46
43
-108
-155
65
241
157
32
-4
-16
-31
-27
-3
16
-166
-738
631
248
-104
-138
-30
-19
22
132
235
206
-5
-102
37
135
77
-1
-21
-11
-2
0
0
0
0
0
0
0
0
-1
-4
-12
-21
-24
-32
-56
-75
-76
-51
-34
-90
-142
-120
-91
-77
-62
-49
-41
-42
-42
-40
-32
-20
-9
-1
-1
0
-2
-2
-1
-5
-5
-4
-3
-1
2
2
0
0
1
-1
-1
2
2
2
0
0
1
0
-2
-4
2
14
27
32
32
32
33
40
51
62
71
81
82
71
66
66
64
52
32
22
15
-11
-62
-73
14
92
61
-35
-85
-3
103
105
52
11
-7
-11
1
22
34
-170
-795
584
230
-43
-76
-5
-15
27
148
233
196
-18
-189
-113
69
137
78
23
12
13
9
2
0
0
0
0
0
0
0
0
0
0
-1
-4
-12
-19
-21
-20
-29
-57
-73
-68
-63
-63
-71
-77
-75
-71
-66
-62
-53
-44
-34
-26
-26
-23
-22
-20
-18
-24
-29
-25
-13
-5
-4
-2
0
1
4
5
6
8
9
13
12
13
17
17
19
19
24
32
41
49
53
57
61
63
58
51
51
58
56
40
26
19
16
12
5
0
-8
-47
-89
-32
78
93
37
-4
-33
-44
-5
68
94
50
9
11
40
56
47
-186
-858
562
177
-21
14
117
81
35
110
192
136
-71
-256
-263
-67
120
117
66
67
69
51
29
14
5
1
0
0
0
0
0
0
0
0
0
0
0
-1
-2
-6
-14
-17
-16
-18
-25
-40
-52
-54
-50
-44
-42
-41
-45
-49
-47
-47
-43
-38
-37
-40
-53
-61
-49
-23
-9
-8
-3
0
2
6
7
9
12
15
21
20
23
30
32
37
38
39
37
33
35
36
40
45
43
32
20
15
15
14
9
4
1
0
0
0
-6
-24
-63
-68
20
87
59
20
8
-6
-39
-56
5
96
99
42
32
76
96
64
-206
-919
604
139
-42
52
235
223
73
49
101
46
-130
-308
-350
-153
63
69
36
74
107
110
93
61
34
23
15
6
1
0
0
0
0
0
0
0
0
0
0
0
0
0
0
-1
-4
-9
-13
-14
-13
-11
-12
-15
-22
-32
-34
-35
-33
-33
-45
-57
-71
-71
-48
-20
-7
-5
-1
0
1
4
4
5
8
11
15
13
16
22
23
27
29
27
20
13
11
9
10
12
11
7
3
1
0
0
0
0
0
0
0
-3
-22
-34
-5
38
47
9
-22
-6
17
13
-12
-52
-53
38
116
91
56
92
127
90
-214
-964
672
145
-58
12
234
307
140
27
24
-21
-166
-339
-364
-156
31
14
-32
-3
59
110
121
102
85
79
61
34
21
18
11
4
1
0
0
0
0
0
0
0
0
0
0
0
0
0
0
0
0
0
-1
-2
-4
-9
-11
-15
-22
-35
-56
-65
-62
-47
-24
-8
-2
-1
0
0
0
1
1
1
2
3
4
3
4
6
6
7
8
7
4
2
1
0
0
0
0
0
0
0
0
0
0
0
-1
-6
-16
-30
-45
3
139
190
61
-91
-140
-86
4
37
15
-23
-64
-35
77
128
90
98
142
112
-211
-985
709
163
-50
-31
156
302
201
51
2
-47
-191
-355
-337
-124
26
1
-63
-73
-19
42
65
81
98
104
94
76
71
68
47
26
19
17
11
4
1
0
0
0
0
0
0
0
0
0
0
0
0
0
0
0
-1
-6
-12
-23
-40
-54
-60
-52
-34
-16
-5
-1
0
0
0
0
0
0
0
0
0
0
0
0
0
0
0
0
0
0
0
0
0
0
0
0
0
0
0
0
-1
-4
-10
-17
-22
-36
-68
-83
-26
125
288
282
75
-140
-232
-178
-24
65
40
-1
-41
-68
7
118
129
119
150
123
-206
-993
710
163
-22
-2
112
248
213
72
-5
-74
-219
-352
-296
-91
27
3
-57
-87
-57
-12
6
29
49
54
65
82
93
92
78
65
65
64
45
23
16
17
14
7
3
1
0
0
0
0
0
0
0
0
-1
-3
-8
-21
-35
-49
-58
-54
-40
-23
-10
-2
0
0
0
0
0
0
0
0
0
0
0
0
0
0
0
0
0
0
0
0
0
0
0
0
0
0
-1
-6
-12
-15
-17
-25
-46
-68
-76
-84
-111
-89
75
293
380
291
68
-172
-267
-186
-22
72
48
8
-15
-57
-50
62
150
160
163
124
-204
-996
694
175
52
93
119
166
148
55
-23
-114
-241
-331
-263
-70
34
8
-45
-82
-68
-24
-4
2
4
3
16
40
49
48
61
77
86
85
70
55
54
61
53
32
18
13
13
14
11
5
2
1
-1
-2
-7
-16
-28
-45
-56
-57
-45
-28
-14
-4
-1
0
0
0
0
0
0
0
0
0
0
0
0
0
0
0
0
0
0
0
0
0
-1
-3
-6
-11
-13
-12
-15
-30
-48
-58
-59
-63
-83
-101
-104
-95
-85
-15
198
408
414
278
54
-207
-274
-130
9
51
31
8
0
-30
-68
-7
131
202
184
118
-203
-991
698
251
157
158
104
76
57
20
-34
-129
-242
-319
-267
-74
47
19
-36
-76
-75
-30
-1
0
-3
-4
-2
4
4
2
20
41
44
42
51
64
72
78
71
55
44
43
48
50
41
24
13
8
3
-2
-15
-32
-45
-51
-46
-35
-18
-6
-2
0
0
0
0
0
0
0
0
0
0
0
0
0
0
0
-1
-3
-6
-7
-8
-9
-8
-8
-11
-17
-28
-43
-48
-47
-50
-62
-74
-81
-82
-78
-73
-65
-62
-51
-29
55
268
441
402
269
62
-215
-275
-93
30
29
12
5
4
-7
-55
-57
80
219
207
115
-200
-978
763
363
197
122
50
18
9
1
-24
-100
-216
-326
-314
-108
55
32
-28
-67
-79
-43
-5
3
0
0
-1
-2
-3
-4
0
5
1
0
17
34
38
36
35
44
54
59
62
61
54
42
27
15
12
8
-10
-26
-27
-19
-9
-3
1
3
3
2
2
2
1
0
0
0
0
-1
-2
-2
-2
-2
-2
-4
-8
-14
-23
-27
-30
-33
-32
-32
-35
-40
-50
-62
-65
-67
-69
-65
-53
-46
-48
-46
-31
-14
-12
-9
-5
77
303
443
364
254
81
-195
-270
-100
24
24
8
4
4
5
-31
-71
19
196
228
122
-197
-960
869
409
140
44
9
0
1
1
-7
-61
-176
-321
-359
-161
40
40
-17
-56
-81
-56
-12
4
1
0
0
0
0
0
-1
-2
-4
-4
2
5
2
-4
-2
16
33
35
28
23
24
24
8
-8
1
12
2
-3
7
15
19
20
15
12
12
9
8
8
4
1
1
-1
-2
-4
-6
-7
-9
-10
-10
-16
-21
-25
-34
-38
-40
-44
-46
-47
-49
-47
-43
-38
-35
-40
-42
-33
-16
-6
-7
-9
-5
1
1
1
-5
93
344
445
322
232
102
-143
-252
-149
-21
20
14
6
5
8
-8
-58
-33
149
241
134
-196
-941
946
367
72
7
-7
-6
4
10
2
-49
-155
-284
-339
-206
-19
29
1
-39
-79
-66
-21
2
3
1
0
0
0
0
0
0
0
0
0
-1
-3
-7
-6
2
8
5
-5
-13
-19
-29
-49
-54
-27
-2
1
4
13
16
21
26
21
18
18
14
12
12
6
2
2
-2
-4
-6
-8
-10
-14
-16
-17
-24
-26
-22
-23
-22
-20
-23
-27
-29
-31
-27
-18
-7
-2
-7
-8
-5
-1
2
2
1
0
0
0
-1
2
132
388
440
286
206
117
-66
-194
-194
-112
-25
15
13
7
8
5
-39
-56
98
228
149
-189
-925
928
313
70
36
4
-10
7
20
-5
-74
-162
-220
-239
-201
-105
-26
1
-23
-66
-66
-29
-3
3
2
0
1
1
0
0
0
0
0
0
0
0
-1
-1
0
-1
-8
-20
-37
-57
-73
-80
-63
-31
-10
-4
-2
2
4
10
16
13
12
12
9
8
8
4
1
1
-1
-2
-4
-6
-7
-9
-10
-12
-16
-16
-10
-6
-3
0
-1
-4
-5
-6
-6
-3
1
3
1
1
1
0
0
0
0
0
0
0
-3
26
197
427
423
256
171
98
-22
-117
-185
-194
-95
7
21
8
8
8
-19
-52
36
181
171
-165
-907
807
272
109
112
72
25
19
18
-36
-125
-171
-142
-114
-133
-138
-96
-51
-45
-63
-63
-32
-3
3
1
0
3
3
0
0
0
0
0
0
0
0
0
-1
-3
-10
-28
-50
-70
-78
-71
-54
-30
-12
-4
-2
-2
-1
0
2
4
3
3
3
2
2
2
1
0
0
0
0
-1
-2
-2
-2
-2
-3
-4
-4
-2
0
1
2
2
1
1
1
0
0
0
0
0
0
0
0
0
0
0
0
0
0
-2
66
281
459
395
228
125
37
-62
-112
-153
-179
-96
6
21
8
8
8
-1
-43
-29
119
186
-132
-877
688
216
94
139
154
124
74
18
-69
-167
-172
-86
-34
-52
-86
-103
-102
-97
-99
-90
-50
-10
1
2
4
6
5
0
-1
0
1
1
0
0
0
-1
-8
-20
-39
-64
-80
-79
-59
-35
-17
-5
-1
0
0
0
0
0
0
0
0
0
0
0
0
0
0
0
0
0
0
0
0
0
0
0
0
0
0
0
0
0
0
0
0
0
0
0
0
0
0
0
0
0
0
0
0
0
0
-1
0
15
132
357
453
351
205
85
-35
-160
-181
-123
-81
-26
15
13
7
8
9
8
-37
-66
61
170
-108
-835
661
156
14
69
150
211
179
68
-59
-165
-172
-86
-23
-12
-24
-51
-79
-102
-126
-129
-99
-62
-37
-18
5
20
17
4
-2
0
3
3
0
-1
-3
-11
-32
-56
-75
-82
-70
-47
-22
-7
-2
0
0
0
0
0
0
0
0
0
0
0
0
0
0
0
0
0
0
0
0
0
0
0
0
0
0
0
0
0
0
0
0
0
0
0
0
0
0
0
0
0
0
0
0
0
-1
-2
2
11
26
72
214
371
371
288
194
71
-73
-229
-237
-96
-2
20
17
7
6
8
10
11
-25
-69
7
123
-96
-790
679
115
-41
11
83
205
261
154
-5
-116
-155
-120
-62
-24
-10
-12
-25
-51
-86
-111
-123
-134
-144
-118
-29
45
48
23
10
8
7
4
-2
-8
-20
-42
-69
-83
-78
-58
-32
-13
-3
0
0
0
0
0
0
0
0
0
0
0
0
0
0
0
0
0
0
0
0
0
0
0
0
0
0
0
0
0
0
0
0
0
0
0
0
0
0
0
0
0
0
0
-1
-1
-1
2
9
15
30
63
103
154
249
295
238
210
178
74
-59
-218
-260
-114
13
29
14
7
7
8
9
11
-7
-57
-45
66
-89
-748
690
102
-36
41
71
152
244
181
37
-54
-104
-123
-102
-67
-39
-21
-11
-12
-26
-49
-88
-175
-280
-259
-86
50
68
49
39
32
21
13
-1
-28
-60
-81
-83
-68
-44
-21
-6
-1
0
0
0
0
0
0
0
0
0
0
0
0
0
0
0
0
0
0
0
0
0
0
0
0
0
0
0
0
0
0
0
0
0
0
0
0
0
0
0
0
0
-1
-2
-3
-5
1
17
39
62
80
97
125
158
182
214
200
135
127
127
61
-27
-152
-251
-178
-29
29
19
9
9
9
8
9
5
-48
-86
17
-87
-710
704
120
-17
87
127
143
170
123
34
-15
-44
-76
-93
-92
-84
-68
-35
-5
0
-21
-90
-237
-361
-291
-92
27
46
47
49
47
42
38
10
-52
-97
-88
-54
-27
-11
-3
0
0
0
0
0
0
0
0
0
0
0
0
0
0
0
0
0
0
0
0
0
0
0
0
0
0
0
0
0
0
0
0
0
0
0
0
0
0
0
-1
-2
-3
-3
-4
-6
-9
-10
18
99
171
167
138
125
114
109
129
176
172
97
58
56
25
-17
-81
-181
-211
-117
-9
24
14
11
11
8
8
8
-47
-110
-19
-94
-678
721
148
-21
63
147
172
140
81
32
5
-9
-26
-46
-73
-108
-106
-46
5
-1
-73
-218
-354
-342
-185
-39
9
11
16
21
29
43
47
15
-54
-89
-55
-14
1
2
1
3
3
2
1
0
0
0
0
0
0
0
0
0
0
0
0
0
0
0
0
0
0
0
0
0
0
0
0
0
0
0
0
0
-1
-1
-1
-3
-3
-2
-3
-6
-10
-9
-6
-4
-4
-4
42
207
362
302
142
60
27
10
59
166
185
87
17
1
-15
-29
-42
-93
-180
-184
-67
22
22
12
12
8
7
7
-47
-120
-45
-109
-655
731
166
-30
-1
80
139
139
129
97
35
2
-4
-11
-41
-93
-89
-17
19
-46
-218
-403
-415
-237
-61
6
7
-2
-5
-6
3
17
19
3
-32
-48
-23
0
4
2
3
9
9
6
2
0
1
2
3
2
1
1
1
0
0
0
0
0
0
0
0
0
0
0
0
0
-1
-1
-1
-2
-2
-2
-2
-1
-2
-2
-4
-9
-9
-6
-3
-4
-8
-7
-2
5
12
12
42
218
452
435
197
23
-36
-51
7
137
168
71
-4
-46
-73
-64
-46
-61
-124
-145
-57
24
24
11
11
8
6
6
-42
-118
-66
-130
-641
736
175
-22
-27
2
34
93
206
207
77
4
0
-1
-20
-53
-39
5
-22
-178
-399
-481
-327
-106
2
14
5
1
-2
-8
-7
-5
-7
-7
-11
-17
-14
-7
-4
-3
0
5
6
5
1
0
3
6
8
6
3
3
3
0
0
0
0
0
-1
-1
0
0
1
1
0
0
-2
-3
-4
-6
-6
-6
-6
-3
-1
0
-3
-6
-6
-5
-1
3
5
4
5
10
15
13
17
126
360
484
354
139
5
-50
-24
75
108
46
-13
-86
-156
-136
-71
-54
-65
-41
8
29
18
9
9
8
7
7
-32
-108
-88
-156
-632
740
179
-11
-17
-20
-35
33
233
275
103
3
0
0
-7
-17
-13
-36
-160
-365
-481
-376
-157
-14
16
2
-5
4
7
0
-5
-7
-9
-6
-2
-5
-10
-9
-6
-6
-8
-9
-6
-1
0
0
2
3
4
4
1
2
3
0
0
0
0
0
-2
-3
-1
1
3
2
0
0
-1
-3
-4
-4
-4
-4
-5
-3
0
3
5
6
5
2
0
3
9
8
6
5
1
-2
2
46
184
375
448
334
157
26
-12
24
42
20
-10
-84
-202
-217
-101
-22
-10
15
34
24
12
8
8
7
7
8
-20
-92
-105
-183
-630
744
181
-8
-9
-12
-40
14
224
281
105
0
-2
-3
-6
-12
-47
-158
-342
-464
-385
-184
-30
22
16
-6
-15
-4
3
5
4
0
-5
-4
1
0
-3
-3
-3
-5
-9
-13
-10
-3
1
0
-2
-6
-7
-4
-5
-2
1
0
0
0
0
0
-1
-4
-3
2
3
1
0
0
0
0
2
3
3
4
2
0
0
3
8
10
8
4
-1
-1
2
1
-1
-7
-11
-4
12
23
54
178
348
417
338
186
70
24
11
5
-4
-47
-174
-259
-146
-3
20
14
20
15
8
7
8
6
6
7
-10
-68
-101
-204
-646
747
182
-7
-7
-8
-33
17
216
270
95
-20
-29
-24
-24
-53
-150
-307
-420
-371
-192
-43
17
26
15
-1
-13
-16
-7
20
33
7
-23
-23
-6
1
0
0
-2
-3
-4
-7
-5
-1
2
0
-3
-7
-9
-6
-6
-3
0
0
-1
-1
0
0
0
-3
-3
0
0
0
0
0
1
3
5
4
3
5
5
3
1
1
3
6
5
0
-3
-2
2
3
-10
-25
-13
11
24
19
4
35
153
304
384
341
220
100
30
7
2
-9
-108
-244
-186
-22
22
8
11
11
6
6
8
6
6
6
-4
-43
-73
-205
-682
749
182
-6
-5
-7
-34
14
213
261
59
-90
-102
-72
-69
-134
-252
-341
-310
-175
-45
12
23
21
13
5
-3
-6
25
92
104
10
-84
-90
-47
-20
-14
-7
-2
-1
-2
-4
-2
0
1
1
0
-2
-3
-2
-2
-2
-1
0
-3
-3
0
0
0
-1
-1
-3
-3
0
1
1
2
3
3
2
-1
0
2
3
2
1
1
3
3
-1
1
12
37
48
-8
-68
-46
2
19
13
-3
-11
23
117
245
335
320
213
103
44
22
26
-34
-174
-173
-40
14
8
9
9
7
6
7
6
6
6
-1
-27
-34
-171
-726
704
172
-6
-4
-5
-37
4
198
231
-10
-174
-155
-113
-137
-203
-244
-217
-128
-38
10
22
19
15
11
5
3
28
111
199
167
7
-132
-154
-109
-75
-57
-29
-5
2
-1
-4
-2
0
0
2
2
1
1
0
0
-3
-3
0
-4
-4
0
0
0
0
0
-3
-3
0
2
2
1
2
3
2
-1
-1
1
2
1
2
3
2
0
-1
15
56
112
123
8
-132
-136
-52
4
10
0
-10
-15
7
76
179
251
244
190
122
59
45
16
-82
-103
-27
10
8
8
7
7
5
5
7
6
5
0
-21
-2
-113
-713
470
116
-4
-3
-3
-28
-3
131
144
-46
-153
-110
-91
-138
-166
-133
-73
-23
2
13
16
11
8
7
3
3
40
131
189
130
2
-95
-121
-106
-91
-72
-37
-7
4
0
-3
-1
0
0
1
1
2
2
0
0
-3
-3
0
-3
-3
0
0
0
0
0
-1
-1
0
1
1
0
2
3
1
0
0
2
2
0
1
3
2
-2
-2
20
72
126
124
15
-127
-155
-74
-5
8
2
-4
-13
-14
3
45
102
150
171
135
64
31
18
-21
-32
-4
8
6
6
4
4
3
3
6
4
3
0
-15
9
-55
-486
