44
66
72
86
121
169
211
235
241
224
175
115
81
81
107
151
196
227
242
247
248
248
248
247
241
224
200
185
184
188
191
192
192
192
191
192
206
243
305
380
447
496
529
549
556
551
543
542
548
556
561
559
551
540
528
514
500
497
511
533
550
560
568
574
573
558
523
474
432
418
438
480
525
557
571
575
576
576
576
575
566
533
488
508
647
832
951
985
949
799
549
341
258
246
245
242
238
238
242
244
241
231
217
210
218
233
232
195
134
87
70
78
120
181
201
159
103
82
96
83
10
16
26
51
81
93
83
66
54
42
24
14
25
57
99
126
121
95
73
65
64
64
63
57
42
25
24
40
52
52
49
48
48
48
49
44
24
20
70
145
196
213
205
182
156
142
147
162
169
154
122
87
55
33
29
40
58
82
116
161
212
261
302
341
384
412
399
338
243
144
72
43
56
92
123
137
140
140
141
145
154
160
161
175
174
140
131
136
135
181
214
155
83
63
64
65
65
61
58
61
69
78
75
53
32
34
56
76
71
44
23
23
37
57
76
77
52
30
35
35
0
5
24
51
61
43
18
11
20
22
11
9
34
75
98
83
48
20
6
1
0
-1
-5
-16
-33
-37
-18
2
7
4
1
0
0
0
1
-2
-9
5
48
85
90
71
45
23
13
17
22
11
-18
-57
-94
-112
-104
-76
-30
36
110
165
187
191
199
214
224
225
227
242
271
293
273
193
75
-33
-92
-93
-59
-27
-16
-16
-12
-4
7
23
34
6
-87
-167
-153
-148
-198
-143
1
48
13
-1
3
5
6
3
-1
-1
4
15
26
22
-4
-29
-19
22
48
35
14
11
12
10
21
38
35
21
19
17
2
14
37
51
44
33
42
77
104
83
40
34
66
87
71
37
12
2
0
0
0
-2
-11
-27
-34
-19
1
7
4
1
0
0
0
0
0
1
11
39
70
75
52
25
10
6
7
2
-21
-61
-105
-136
-134
-75
38
153
226
264
286
288
264
223
177
135
103
81
68
69
96
160
240
280
238
125
-2
-82
-93
-63
-37
-30
-25
-14
-3
16
41
24
-42
-72
-47
-62
-125
-119
-40
-1
-7
-5
1
3
4
4
2
-2
-3
1
12
26
23
-5
-26
-6
31
40
26
18
15
8
10
24
32
31
29
20
4
19
39
50
63
97
139
158
123
45
3
34
73
67
36
13
4
1
0
0
-1
-7
-22
-34
-23
0
9
5
1
0
0
0
0
0
0
3
15
35
50
46
26
8
1
-2
-15
-48
-94
-133
-150
-140
-88
25
168
268
289
252
194
142
106
80
55
30
12
4
1
0
7
36
98
185
256
256
166
32
-67
-90
-65
-45
-41
-30
-11
15
66
118
117
70
17
-15
6
44
24
-21
-26
-9
-1
1
4
6
4
1
-1
-2
1
12
27
23
-7
-22
4
32
30
22
21
13
7
14
24
32
34
22
9
31
65
105
144
170
170
124
26
-54
-36
32
57
37
14
4
1
0
0
-1
-6
-18
-31
-27
-7
5
4
1
0
0
0
0
0
0
0
2
10
23
31
25
11
1
-6
-23
-61
-110
-141
-136
-99
-50
-11
23
69
109
111
80
43
17
5
1
0
0
0
0
0
0
1
4
16
57
138
228
251
153
-4
-98
-97
-64
-50
-43
-24
-1
43
127
192
166
86
63
118
123
29
-42
-40
-19
-5
0
1
3
4
3
1
0
0
3
15
30
23
-4
-8
11
17
18
23
16
6
8
18
31
36
23
23
72
134
177
177
138
89
26
-55
-81
-21
37
39
19
6
1
0
0
0
-2
-11
-26
-30
-14
2
4
1
0
0
0
0
0
0
0
0
1
3
7
12
11
4
-5
-24
-66
-117
-137
-108
-51
4
37
24
-32
-63
-35
-3
2
0
0
0
0
0
0
0
1
3
4
3
1
1
8
36
93
136
99
-4
-89
-109
-82
-55
-49
-47
-45
-43
-1
101
172
149
124
110
17
-78
-75
-42
-27
-10
2
3
2
3
3
1
0
0
0
3
16
30
22
2
-2
8
20
25
16
4
5
21
38
38
21
65
144
189
167
107
54
20
-22
-59
-35
22
40
23
8
3
1
0
0
-1
-5
-16
-27
-19
0
7
4
1
0
0
0
0
0
1
3
4
1
-8
-18
-20
-13
-8
-19
-56
-105
-121
-81
-16
31
45
36
22
12
6
3
1
0
0
0
0
0
0
0
0
1
3
4
3
1
1
3
6
1
-27
-50
-40
-41
-72
-85
-70
-64
-78
-93
-113
-142
-130
-95
-115
-149
-170
-200
-165
-69
-23
-27
-19
-2
4
4
4
4
3
1
0
0
0
4
18
30
22
11
21
35
31
16
1
-2
19
42
36
14
123
188
162
87
30
11
3
-24
-31
24
71
51
15
3
1
0
0
0
-2
-10
-22
-22
-5
7
5
1
0
1
3
4
4
4
4
4
4
1
-14
-46
-77
-80
-62
-60
-82
-86
-45
10
39
38
22
12
45
115
136
77
17
1
3
4
4
4
4
4
4
4
4
4
4
4
4
4
3
-12
-49
-60
-14
20
-5
-45
-62
-72
-95
-110
-105
-132
-238
-396
-521
-524
-408
-256
-121
-29
-3
-19
-24
-9
2
4
4
5
6
4
1
0
0
1
8
23
34
39
50
53
34
11
-5
-10
10
36
31
9
145
157
82
23
4
6
4
-17
-16
42
89
65
20
2
0
0
0
0
-3
-14
-22
-12
2
5
4
4
4
4
4
4
4
4
3
1
0
0
-13
-65
-143
-188
-180
-154
-122
-70
-16
10
14
18
30
64
139
206
182
95
38
27
28
29
30
29
27
24
21
19
15
9
5
4
3
1
0
8
31
47
41
36
31
5
-31
-67
-106
-131
-114
-101
-207
-405
-526
-488
-326
-146
-46
-9
6
-5
-21
-15
-1
4
4
4
5
6
4
1
0
0
2
12
30
51
67
60
32
6
-11
-13
8
27
20
5
102
85
24
1
3
9
4
-16
-17
23
61
53
20
1
-1
0
0
-1
-6
-15
-16
-4
5
5
4
4
4
3
1
0
0
0
0
-1
-4
-6
-10
-41
-111
-179
-197
-156
-75
8
60
86
112
148
193
251
296
272
186
114
90
88
89
91
92
91
88
83
76
68
60
52
44
36
29
23
17
32
86
116
71
19
3
-17
-58
-106
-146
-166
-175
-201
-244
-254
-216
-188
-180
-147
-87
-26
11
8
-15
-20
-5
5
5
4
4
4
3
1
0
0
0
4
19
43
59
51
27
3
-13
-6
17
23
11
2
32
24
4
-1
3
8
1
-14
-7
20
35
27
9
-1
-1
0
0
-2
-8
-13
-9
1
6
4
1
0
0
0
0
0
1
8
28
59
91
122
155
180
179
154
138
166
234
306
359
392
409
415
418
411
357
253
162
123
116
116
117
118
118
118
118
119
119
117
117
118
116
110
100
88
76
78
115
151
116
21
-63
-111
-139
-149
-135
-115
-139
-205
-212
-122
-31
-32
-119
-179
-129
-38
10
15
-4
-20
-12
2
6
6
5
4
4
3
1
0
0
1
10
28
38
31
14
-6
-13
5
24
20
7
1
-8
-7
-2
0
1
3
-2
-5
19
44
31
5
-3
-1
0
0
0
-2
-8
-10
-2
5
4
1
0
1
3
4
9
31
78
146
225
308
391
467
525
557
564
552
528
504
489
482
479
470
444
405
362
304
220
137
90
76
73
71
68
65
64
65
68
73
80
88
96
103
109
115
118
117
116
119
147
210
236
160
42
-42
-84
-84
-49
-20
-33
-66
-64
-25
5
-3
-50
-87
-63
-14
12
18
6
-14
-15
-1
6
5
5
7
8
7
5
3
1
1
6
14
17
12
0
-14
-9
15
25
14
3
0
-13
-11
-3
0
0
-1
-3
11
53
73
31
-14
-14
-1
0
-5
-12
-20
-25
-18
-2
5
3
3
3
3
15
52
120
218
338
456
536
570
584
593
590
568
532
492
449
397
337
278
228
190
160
134
110
82
51
28
18
16
15
14
14
13
12
13
15
17
20
24
28
33
39
46
55
65
76
88
119
205
325
398
385
313
224
147
90
46
15
5
10
15
15
11
3
-3
0
7
12
16
14
1
-9
-4
4
6
6
6
7
8
8
7
4
1
1
3
3
-2
-12
-15
3
23
20
7
1
0
-5
-4
-1
0
0
-3
1
38
86
75
6
-40
-35
-21
-20
-26
-38
-51
-48
-25
-2
6
4
4
19
62
143
262
397
506
559
560
523
458
381
308
248
204
173
149
128
106
80
53
29
12
4
1
-1
-3
-4
-4
-4
-4
-4
-3
-1
0
0
0
0
0
0
0
0
1
3
5
8
13
19
26
44
103
229
387
501
543
531
468
358
238
143
77
34
14
11
13
14
14
14
12
10
14
19
9
-10
-12
0
7
7
6
7
8
8
8
6
1
-2
-1
-1
-8
-17
-7
17
23
11
2
0
0
0
0
0
0
-1
-6
3
51
85
35
-42
-62
-46
-38
-39
-42
-48
-49
-33
-10
2
4
11
48
140
281
425
522
551
512
417
299
200
135
89
50
20
4
0
0
0
0
1
3
4
3
1
0
0
0
0
0
0
0
0
0
0
0
0
0
0
0
0
0
0
0
0
0
1
3
4
4
6
21
65
142
245
362
468
533
547
517
442
328
210
118
56
22
12
13
14
14
13
15
19
10
-10
-17
-6
4
6
6
6
7
8
8
7
4
1
0
-1
-4
-1
15
26
18
6
1
0
0
0
0
0
0
-2
-8
-2
30
37
-21
-65
-38
-2
0
-13
-26
-29
-15
3
9
9
29
100
234
395
512
537
472
351
223
123
54
13
-2
-4
-4
-4
-4
-4
-3
-1
0
1
3
4
3
2
3
4
4
4
4
4
4
4
3
1
0
0
0
0
0
0
0
0
0
0
0
1
3
4
3
1
0
1
9
37
92
169
266
379
481
537
539
493
397
272
160
81
34
14
12
14
14
16
14
-2
-18
-14
-1
5
6
6
7
7
6
7
7
4
2
2
6
20
30
21
6
-1
-1
0
0
-2
-1
0
0
-1
-5
-6
-3
-23
-58
-46
9
39
27
0
-18
-11
10
20
23
56
158
320
466
514
447
316
186
89
30
4
-3
-4
-4
-4
-4
-3
-2
-3
-4
-4
-3
-1
0
0
0
1
3
4
4
4
4
4
4
4
3
1
0
0
0
0
0
0
0
0
0
0
0
0
0
0
0
0
0
0
0
0
2
14
46
101
178
279
395
490
531
515
444
327
203
107
46
18
12
15
18
6
-14
-16
-3
5
6
6
6
6
5
5
7
6
3
5
13
21
20
9
-1
-3
-1
0
0
-3
-3
-1
0
-1
-4
-9
-28
-64
-71
-25
17
12
-16
-32
-22
3
17
20
59
179
347
458
436
306
157
54
6
-6
-5
-4
-3
-2
-3
-4
-4
-4
-4
-3
-2
-3
-4
-4
-3
-1
0
0
0
0
0
0
0
0
0
0
0
0
0
0
0
0
0
0
0
0
0
0
0
0
0
0
0
0
0
0
0
0
0
0
0
2
15
52
116
205
319
435
511
524
471
359
220
103
37
17
18
15
0
-12
-8
1
4
4
4
5
6
6
7
7
4
3
7
9
6
3
1
-1
-2
-1
0
-18
-15
-4
0
-1
-4
-17
-53
-84
-62
-14
-3
-29
-49
-35
0
19
18
43
137
262
305
206
30
-119
-196
-208
-169
-100
-39
-10
-4
-4
-4
-3
-1
-1
-3
-4
-4
-3
-2
-3
-4
-3
-1
0
0
0
0
0
0
0
0
0
0
0
0
0
0
0
0
0
0
0
0
0
0
0
0
0
0
0
0
0
0
0
0
0
0
0
0
1
6
26
75
154
260
382
480
511
457
329
180
73
28
20
8
-13
-15
-1
6
6
6
5
5
7
8
8
6
2
1
3
3
1
0
-1
-2
-1
0
-59
-59
-36
-25
-17
-14
-36
-76
-81
-37
-6
-21
-44
-35
-1
21
14
8
48
108
79
-84
-289
-435
-502
-509
-459
-342
-189
-70
-18
-8
-8
-7
-5
-4
-4
-3
-2
-3
-4
-3
-1
-1
-3
-3
-1
0
0
0
0
0
0
0
0
0
0
0
0
0
0
0
0
0
0
0
0
0
0
0
0
0
0
0
0
0
0
0
0
0
0
0
0
0
0
2
14
49
116
217
343
453
486
414
272
136
55
16
-7
-13
-3
6
7
6
6
5
5
7
8
7
5
3
2
2
2
2
1
0
0
0
-82
-93
-60
-36
-29
-37
-66
-85
-57
-17
-15
-36
-35
-4
19
11
-8
-17
-27
-87
-224
-376
-464
-483
-461
-391
-263
-125
-41
-16
-15
-15
-12
-9
-8
-8
-7
-5
-4
-3
-2
-3
-3
-1
-1
-3
-3
-1
0
0
0
0
0
0
0
0
0
0
0
0
0
0
0
0
0
0
0
0
0
0
0
0
0
0
0
0
0
0
0
0
0
0
0
0
-1
-3
-4
-3
4
31
97
213
359
467
466
351
193
74
14
-9
-9
1
6
5
5
6
5
5
7
8
7
5
3
2
3
3
1
0
0
0
-57
-70
-35
-7
-15
-40
-67
-68
-33
-12
-29
-40
-16
10
5
-13
-16
-14
-52
-146
-234
-255
-221
-155
-44
109
234
244
147
42
-7
-16
-15
-14
-14
-12
-8
-6
-6
-5
-3
-2
-3
-3
-1
-1
-3
-3
-1
0
0
0
0
0
0
0
0
0
0
0
0
0
0
0
0
0
0
0
0
0
0
0
0
0
0
0
0
0
0
0
-1
-3
-4
-4
-4
-4
-4
-4
-4
-3
5
39
124
260
398
455
385
233
87
4
-13
-1
7
7
5
4
4
4
4
5
6
5
3
2
2
1
0
0
0
0
-17
-24
-14
-10
-17
-19
-22
-24
-17
-20
-34
-28
-6
-1
-8
-1
20
35
22
-13
-34
-21
32
143
297
404
378
243
100
16
-11
-14
-15
-16
-16
-15
-13
-11
-8
-5
-4
-3
-2
-3
-3
-1
-1
-2
-1
0
0
0
0
0
0
0
0
0
0
0
0
0
0
0
0
0
0
0
0
0
0
0
0
0
0
0
0
0
-1
-3
-4
-4
-4
-4
-4
-4
-4
-4
-4
-4
-4
-3
10
60
168
317
426
402
252
91
11
0
6
8
7
5
4
3
2
3
4
3
2
2
1
0
0
0
0
0
26
40
35
22
16
16
11
1
-11
-28
-34
-17
-1
5
19
42
60
65
60
52
50
80
176
314
392
337
194
66
3
-14
-15
-14
-15
-15
-13
-12
-12
-11
-9
-7
-5
-4
-3
-2
-3
-3
-1
-1
-2
-1
0
0
0
0
0
0
0
0
0
0
0
0
0
0
0
0
0
0
0
0
0
0
0
0
0
0
-1
-3
-4
-4
-3
-2
-3
-4
-4
-4
-4
-4
-4
-4
-4
-4
-4
1
30
116
265
401
406
261
92
11
2
7
8
8
7
5
4
4
4
4
4
4
3
0
-2
-1
0
0
76
98
85
80
71
46
29
19
-6
-33
-32
-7
18
38
55
61
56
47
36
30
60
162
302
368
296
152
41
-5
-15
-16
-16
-16
-16
-15
-13
-12
-12
-12
-11
-9
-7
-5
-4
-3
-2
-3
-3
-2
-3
-3
-1
0
0
0
0
0
0
0
0
0
0
0
0
0
0
0
0
0
0
0
0
0
0
0
-1
-3
-4
-4
-3
-2
-3
-4
-4
-4
-4
-4
-4
-4
-4
-4
-4
-4
-4
-4
-2
16
87
235
375
353
182
41
3
6
8
8
8
8
7
5
4
4
4
4
3
1
-1
-2
-1
0
82
76
34
34
48
47
61
65
20
-21
-11
23
50
61
57
44
29
17
14
45
145
284
346
268
127
27
-10
-16
-16
-16
-16
-15
-13
-12
-12
-12
-12
-12
-12
-12
-11
-8
-5
-4
-3
-2
-3
-3
-2
-2
-1
0
0
0
0
0
0
0
0
0
0
0
0
0
0
0
0
0
0
0
0
0
0
-1
-3
-4
-3
-2
-3
-4
-4
-4
-4
-4
-4
-5
-7
-8
-8
-8
-8
-8
-8
-8
-8
-7
8
73
193
264
195
72
11
4
6
5
4
4
4
3
2
3
4
3
2
3
2
-2
-2
1
39
23
-24
-32
3
35
67
89
61
24
32
55
58
46
30
17
8
5
33
131
271
333
253
113
19
-12
-16
-16
-16
-16
-16
-15
-13
-12
-12
-12
-11
-9
-9
-11
-11
-9
-7
-5
-3
-1
-1
-2
-1
-1
-2
-1
0
0
0
0
0
0
0
0
0
0
0
0
0
0
0
0
0
0
0
0
-1
-3
-3
-2
-3
-4
-4
-4
-4
-4
-5
-7
-8
-8
-9
-11
-12
-12
-12
-12
-12
-12
-12
-11
-9
3
56
139
158
85
17
2
4
4
4
4
4
4
4
4
4
4
4
3
0
-3
-2
1
10
16
1
-20
-9
21
47
79
95
79
64
56
38
19
9
5
5
27
113
250
321
248
110
19
-10
-15
-16
-16
-16
-16
-16
-16
-16
-16
-16
-15
-13
-11
-9
-7
-6
-7
-7
-4
-2
-2
-1
-1
-2
-2
-2
-1
0
0
0
0
0
0
0
0
0
0
0
0
0
0
0
0
0
0
0
-1
-3
-3
-2
-3
-4
-3
-2
-3
-5
-6
-6
-8
-11
-12
-12
-13
-15
-16
-16
-16
-16
-16
-15
-13
-12
-11
16
90
136
87
20
2
5
7
7
5
4
4
3
2
3
4
4
3
0
-2
-1
0
11
39
56
22
-16
-1
31
63
104
110
72
36
18
9
5
4
18
89
222
309
252
115
20
-9
-12
-13
-15
-16
-15
-14
-15
-16
-16
-15
-13
-12
-12
-12
-11
-8
-6
-7
-7
-5
-4
-3
-1
-1
-2
-1
0
0
0
0
0
0
0
0
0
0
0
0
0
0
0
0
0
0
0
0
-1
-3
-3
-2
-3
-3
-2
-3
-5
-6
-6
-8
-11
-13
-14
-14
-14
-14
-15
-16
-16
-16
-15
-13
-12
-12
-12
-12
5
63
117
96
35
6
6
7
5
4
4
4
4
4
3
1
1
3
3
1
0
0
29
56
57
10
-40
-30
12
44
83
104
70
24
6
4
4
10
60
182
288
258
129
28
-6
-10
-11
-12
-12
-12
-11
-10
-11
-12
-12
-12
-11
-10
-10
-10
-10
-9
-8
-7
-6
-6
-4
-2
-2
-1
0
0
-1
-2
-1
0
0
0
0
0
0
0
0
0
0
0
0
0
0
0
0
-1
-3
-3
-2
-3
-3
-2
-3
-5
-7
-9
-11
-13
-15
-15
-14
-15
-16
-16
-16
-16
-16
-16
-19
-27
-31
-24
-15
-12
-4
35
96
110
58
11
2
4
5
7
7
5
4
3
2
3
4
4
3
1
0
0
41
31
-11
-37
-49
-47
-14
23
50
67
51
19
4
2
4
35
137
257
263
148
38
-3
-8
-8
-8
-8
-8
-8
-8
-8
-8
-8
-8
-9
-10
-9
-8
-7
-6
-7
-7
-5
-4
-4
-3
-2
-2
-1
-1
-2
-2
-2
-1
0
0
0
0
0
0
0
0
0
0
0
0
0
0
0
-1
-3
-3
-2
-3
-3
-2
-3
-4
-5
-8
-11
-12
-12
-12
-12
-13
-14
-14
-14
-14
-15
-16
-16
-25
-56
-88
-81
-44
-18
-8
22
86
117
68
10
-2
4
7
7
5
4
4
4
4
4
4
3
1
0
0
0
9
-32
-63
-36
-15
-36
-36
-2
14
7
1
1
3
3
17
92
214
259
171
56
4
-4
-5
-7
-7
-5
-4
-4
-5
-7
-8
-8
-8
-7
-6
-7
-8
-7
-5
-5
-6
-5
-4
-4
-4
-3
-1
0
-1
-2
-1
0
-2
-10
-25
-43
-59
-70
-75
-75
-70
-59
-42
-22
-7
-1
0
0
-1
-2
-2
-3
-3
-2
-3
-4
-6
-10
-12
-12
-12
-12
-12
-13
-14
-13
-13
-14
-13
-12
-13
-15
-19
-48
-119
-170
-135
-61
-18
14
75
113
72
14
-1
3
4
4
4
4
4
4
3
1
1
2
1
0
0
0
-57
-78
-45
6
22
-11
-41
-30
-27
-46
-39
-12
2
8
51
160
246
202
85
12
-4
-4
-5
-6
-5
-3
-1
0
-1
-3
-4
-5
-6
-5
-5
-6
-6
-7
-7
-5
-5
-6
-5
-4
-4
-3
-1
0
0
0
0
-3
-18
-51
-92
-125
-146
-159
-166
-166
-160
-148
-127
-102
-83
-72
-66
-63
-60
-57
-51
-34
-14
-5
-4
-5
-8
-11
-11
-10
-11
-13
-14
-13
-12
-13
-15
-16
-15
-13
-12
-12
-6
-1
-53
-174
-241
-177
-74
-8
50
97
84
33
4
2
4
4
4
4
3
1
1
3
4
4
4
3
1
0
-89
-74
-4
30
30
12
-27
-58
-73
-72
-39
-4
4
21
101
208
221
125
33
0
-4
-4
-4
-3
-1
0
0
0
0
0
-1
-3
-4
-4
-4
-4
-4
-4
-4
-4
-4
-4
-4
-4
-3
-1
0
0
0
0
0
-6
-31
-71
-95
-85
-59
-39
-31
-33
-44
-64
-90
-118
-138
-143
-140
-137
-138
-145
-146
-121
-75
-34
-13
-8
-8
-8
-8
-8
-9
-11
-12
-12
-13
-14
-13
-13
-15
-16
-15
-12
-3
28
49
-43
-220
-288
-195
-72
14
76
92
51
9
1
4
4
4
4
4
4
4
4
3
2
3
3
1
0
-33
-24
3
14
19
22
-11
-75
-106
-73
-18
7
9
49
151
218
162
59
8
0
0
0
0
0
0
0
0
0
0
0
-1
-2
-2
-3
-3
-2
-2
-2
-3
-4
-3
-1
-1
-2
-2
-2
-1
0
0
0
0
0
2
14
43
82
116
138
149
148
136
114
79
39
9
-9
-21
-30
-42
-64
-99
-133
-133
-91
-41
-14
-8
-8
-8
-9
-11
-11
-10
-11
-12
-12
-12
-12
-12
-12
-12
-12
-9
17
81
101
-36
-238
-296
-191
-49
58
94
54
7
-3
1
2
3
3
2
3
3
1
0
1
2
1
0
0
35
22
-6
-5
10
20
7
-45
-77
-42
1
7
18
91
187
191
100
23
1
0
0
0
0
0
0
0
0
0
0
0
0
0
0
-1
-2
-1
0
-1
-3
-3
-1
0
0
0
-1
-2
-1
0
0
0
0
5
30
77
117
127
118
109
106
108
114
123
132
139
141
136
128
120
114
110
90
33
-38
-68
-47
-19
-9
-8
-8
-9
-10
-9
-8
-8
-8
-9
-11
-11
-9
-8
-8
-9
-11
-4
46
138
141
-42
-254
-291
-159
7
82
50
4
-4
2
3
2
3
3
1
0
0
0
1
3
3
1
0
48
49
16
-1
4
14
25
22
9
7
8
5
35
125
192
146
53
7
0
-1
-3
-5
-7
-8
-6
-2
0
0
0
0
0
0
0
0
0
0
0
0
0
0
0
0
0
0
0
0
0
0
0
0
0
3
16
37
49
43
30
21
17
18
24
34
48
63
74
80
84
89
98
116
141
148
112
52
9
-6
-7
-6
-7
-8
-8
-8
-8
-8
-8
-8
-8
-8
-8
-8
-8
-8
-9
-10
11
92
183
131
-84
-269
-262
-105
29
47
13
-2
0
3
3
2
3
4
4
4
4
3
2
2
1
0
49
65
22
-24
-18
6
28
62
75
44
9
8
61
144
163
93
23
1
0
-3
-15
-35
-57
-72
-65
-38
-14
-4
-1
0
1
2
2
3
3
2
2
2
3
3
1
0
0
0
1
2
1
0
0
0
0
1
3
4
3
1
0
0
0
0
0
0
0
1
4
7
9
12
18
30
52
83
105
90
44
7
-5
-6
-7
-8
-8
-8
-8
-8
-8
-8
-7
-6
-7
-8
-8
-8
-8
-8
-2
41
136
186
75
-138
-273
-226
-73
25
25
1
-4
0
3
3
2
3
4
4
4
3
2
3
3
1
13
-6
-52
-75
-45
-5
17
49
79
63
18
12
82
154
126
39
-9
-12
-4
-2
-19
-52
-84
-111
-126
-114
-85
-63
-50
-36
-20
-7
0
3
4
4
4
4
4
4
3
1
1
3
4
3
1
0
1
2
1
0
0
0
0
0
0
0
0
0
0
0
0
0
0
0
0
-1
-2
0
4
12
25
28
14
0
-5
-6
-6
-6
-6
-7
-8
-8
-8
-8
-7
-5
-5
-7
-8
-7
-5
-4
-4
11
74
159
153
7
-180
-262
-181
-46
9
1
-4
-1
1
2
1
0
0
0
0
1
3
3
1
0
-76
-108
-84
-60
-50
-22
5
23
50
57
26
18
67
79
-15
-124
-151
-105
-35
19
45
54
52
17
-66
-146
-172
-161
-140
-112
-82
-59
-44
-30
-13
0
4
4
4
4
4
4
4
4
4
3
1
0
1
2
2
2
1
0
0
0
0
0
0
0
0
0
0
0
0
0
0
0
0
-1
-2
-2
-3
-4
-4
-4
-4
-4
-4
-4
-4
-4
-4
-4
-4
-4
-4
-4
-4
-4
-4
-4
-3
-2
-3
-1
32
114
165
96
-53
-184
-209
-124
-38
-9
-4
-1
0
0
0
0
0
0
0
1
2
0
-2
-1
-75
-57
9
15
-28
-32
-5
3
-2
-5
-3
8
-11
-124
-294
-397
-363
-216
-46
67
129
172
173
95
-26
-107
-129
-130
-124
-105
-87
-92
-108
-102
-72
-42
-21
-5
4
5
5
6
5
4
4
3
1
0
0
0
1
2
1
0
0
0
0
0
0
0
0
0
0
0
0
0
0
0
0
-1
-2
-2
-2
-1
0
-1
-2
-2
-3
-4
-3
-1
0
0
0
0
-1
-3
-3
-1
0
-1
-2
-2
-2
-2
13
72
142
135
43
-64
-127
-118
-65
-24
-8
-2
0
0
0
0
0
0
0
0
1
3
3
1
55
91
89
55
2
-31
-22
-25
-61
-72
-37
-18
-95
-265
-415
-442
-324
-124
33
94
112
116
61
-52
-113
-75
-24
-14
-17
-4
8
-17
-68
-100
-99
-87
-76
-57
-30
-7
4
5
5
6
4
2
2
2
2
1
0
0
0
0
0
0
0
0
0
0
0
0
0
0
-1
-2
-2
-2
-1
0
-1
-2
-1
0
0
0
-1
-2
-2
-2
-1
0
0
0
0
0
-1
-2
-1
0
0
0
0
0
0
0
4
39
115
150
89
12
-21
-33
-37
-30
-17
-6
-1
1
2
1
0
0
0
0
1
3
3
1
94
115
81
53
22
-21
-41
-61
-88
-73
-34
-38
-115
-217
-256
-196
-56
79
111
70
39
3
-89
-175
-153
-64
-5
12
15
25
46
55
34
4
-13
-35
-80
-116
-100
-48
-9
4
6
5
3
2
2
2
2
2
2
1
0
0
0
0
0
0
0
0
0
0
0
0
-1
-2
-2
-2
-1
0
-1
-2
-1
0
0
0
-1
-2
-1
0
0
0
0
0
0
0
0
0
0
0
0
0
0
0
0
0
0
21
86
138
106
42
25
31
11
-19
-24
-11
-2
0
0
0
0
0
0
0
0
0
0
0
-2
19
39
46
39
-3
-68
-104
-85
-40
-19
-42
-90
-115
-83
-3
91
133
92
32
2
-37
-111
-149
-108
-54
-26
-11
-13
-27
-20
18
48
53
52
33
-27
-102
-134
-101
-42
-4
6
5
4
3
2
2
1
1
2
1
0
0
0
0
0
0
0
0
0
0
0
0
0
0
0
0
0
0
0
0
-1
-2
-1
0
1
2
2
2
1
0
0
0
0
0
1
2
1
0
0
1
2
2
2
2
3
13
55
117
125
66
24
31
34
6
-19
-16
-4
-1
-2
-1
0
0
0
0
0
0
0
0
-52
-46
2
36
44
10
-68
-102
-58
-14
-9
-25
-45
-47
-16
42
90
83
39
9
-9
-47
-86
-81
-56
-52
-47
-26
-21
-50
-77
-61
-25
-11
-15
-22
-34
-61
-101
-115
-76
-22
4
6
3
2
2
2
2
2
1
0
0
0
0
0
0
0
0
0
0
0
0
0
0
0
0
0
0
0
0
0
-1
-2
-1
0
1
2
2
3
3
1
0
0
0
0
-1
-5
-11
-16
-19
-20
-21
-24
-28
-33
-38
-35
2
80
122
75
17
15
35
27
-5
-19
-9
-1
0
0
0
0
0
0
0
0
-1
-2
-11
-34
-19
19
36
28
-4
-28
-16
0
2
8
13
6
6
29
49
36
10
0
-13
-50
-69
-40
-23
-52
-71
-48
-22
-35
-84
-133
-159
-172
-174
-147
-93
-48
-51
-86
-89
-46
-7
4
3
2
2
1
1
2
1
0
0
0
0
0
0
0
0
0
0
0
0
0
0
0
0
0
0
0
1
2
2
3
3
2
2
2
2
2
3
3
-1
-10
-23
-35
-47
-61
-71
-77
-84
-92
-98
-102
-105
-108
-116
-116
-70
26
94
74
23
9
23
29
10
-12
-12
-3
0
0
0
0
0
0
-1
-2
-2
-2
19
-24
-48
-9
27
43
59
51
20
-1
-2
17
37
29
3
-24
-47
-47
-24
-5
-10
-37
-49
-27
-17
-50
-89
-87
-53
-43
-100
-213
-323
-379
-359
-261
-133
-44
-23
-59
-98
-83
-33
-2
3
2
2
2
2
1
0
0
0
0
0
0
0
0
0
0
0
0
0
0
0
0
1
2
0
-7
-20
-27
-16
-1
4
4
4
4
4
3
0
-8
-24
-43
-59
-76
-99
-113
-105
-97
-110
-131
-143
-150
-148
-116
-71
-48
-19
53
120
113
51
7
7
23
23
4
-8
-4
0
0
0
0
0
-1
-3
-3
-2
-2
-33
-68
-79
-39
11
39
69
78
39
-2
-14
-4
16
21
-5
-74
-161
-172
-92
-21
-6
-19
-27
-19
-15
-38
-85
-118
-112
-108
-160
-262
-358
-406
-395
-308
-167
-56
-24
-63
-125
-128
-63
-9
3
2
1
1
2
1
0
0
0
0
0
0
0
0
0
0
0
-1
-6
-19
-32
-28
-11
-2
-17
-66
-125
-127
-64
-11
2
3
5
6
5
-1
-22
-57
-80
-69
-38
-24
-36
-39
-16
-4
-30
-67
-87
-105
-119
-63
65
152
156
151
166
142
64
4
-2
16
28
21
5
-2
-1
0
0
0
0
-1
-2
-2
-4
-5
-57
-52
-47
-47
-13
23
44
52
32
4
-11
-17
-5
16
6
-71
-201
-262
-176
-56
-5
1
-4
-10
-12
-21
-54
-105
-146
-167
-189
-214
-216
-208
-223
-226
-166
-84
-57
-99
-157
-151
-76
-13
4
3
2
2
1
0
0
0
-1
-3
-4
-3
-1
0
0
-1
-6
-26
-73
-127
-138
-91
-37
-34
-104
-217
-269
-193
-72
-8
4
5
7
7
-1
-28
-77
-121
-120
-67
-3
28
36
52
66
53
19
-10
-27
-56
-92
-56
74
181
184
130
75
26
-9
-17
-8
6
21
25
13
1
-2
-3
-4
-3
-2
-2
-1
-2
-6
-6
14
37
17
-32
-33
0
10
2
-4
-5
-6
-12
-4
21
24
-30
-153
-268
-244
-114
-16
24
30
9
-10
-14
-24
-60
-110
-137
-131
-105
-64
-34
-48
-90
-116
-116
-119
-139
-153
-128
-66
-14
2
2
3
3
1
0
0
0
-1
-3
-4
-3
-1
0
-3
-19
-65
-151
-249
-282
-204
-90
-56
-132
-263
-336
-255
-92
0
10
7
7
5
-1
-28
-81
-126
-131
-107
-86
-85
-84
-44
14
23
-11
-27
-18
-24
-62
-98
-80
-9
52
61
18
-68
-132
-108
-46
-14
-3
7
12
8
1
-3
-4
-4
-4
-4
-3
0
1
-3
-5
57
66
37
-12
-39
-25
-23
-40
-34
-14
-5
-6
-3
16
32
10
-80
-221
-282
-187
-48
50
109
108
58
12
-10
-25
-45
-57
-48
-24
2
20
21
-6
-64
-126
-150
-130
-98
-72
-43
-15
-1
3
3
1
0
0
0
0
0
0
0
0
-1
-9
-43
-122
-237
-339
-352
-238
-78
-25
-126
-277
-343
-250
-58
68
64
22
7
5
0
-25
-82
-132
-124
-83
-85
-166
-279
-317
-230
-113
-74
-81
-62
-38
-54
-89
-96
-67
-29
-6
-3
-30
-94
-139
-110
-51
-19
-9
-4
-1
-1
-3
-3
-1
0
-1
-3
-3
0
2
-1
-4
44
45
31
7
-28
-44
-55
-65
-42
-11
-2
-5
-9
6
34
33
-26
-153
-273
-254
-110
54
204
286
236
113
22
-11
-17
-16
-6
10
20
26
36
27
-26
-90
-107
-74
-38
-23
-15
-5
2
3
1
0
-2
-7
-10
-7
-1
3
4
0
-20
-77
-183
-307
-383
-353
-200
-5
60
-74
-263
-333
-240
-46
111
125
56
12
4
4
-12
-72
-144
-148
-87
-50
-105
-250
-400
-442
-355
-228
-140
-89
-59
-65
-96
-99
-56
-9
7
3
-8
-37
-71
-76
-59
-47
-39
-28
-17
-10
-8
-6
-2
0
0
0
-1
-2
-1
0
-1
-2
43
43
30
21
-13
-60
-83
-74
-42
-13
-4
-6
-10
-2
26
44
17
-76
-222
-297
-202
-15
174
323
350
234
84
1
-19
-14
7
32
40
41
52
47
6
-36
-45
-30
-13
0
9
10
5
1
0
-5
-23
-44
-44
-23
-4
2
-3
-32
-112
-239
-351
-376
-300
-150
27
106
-19
-230
-312
-227
-69
86
158
110
32
3
4
1
-38
-123
-179
-139
-66
-63
-150
-262
-318
-307
-266
-204
-126
-71
-72
-106
-117
-74
3
52
42
12
-16
-62
-94
-70
-39
-47
-64
-60
-41
-22
-10
-5
-4
-4
-4
-3
0
2
1
-2
-5
-4
31
41
32
23
7
-3
18
28
4
-12
-10
-7
-8
-10
9
44
46
-16
-152
-299
-311
-165
9
127
177
146
62
-1
-19
-14
12
53
81
90
88
63
20
-9
-16
-13
1
22
29
17
4
0
-4
-32
-90
-121
-82
-25
-3
-10
-50
-146
-278
-367
-344
-231
-98
28
97
6
-195
-291
-211
-75
43
131
141
76
19
4
5
-7
-64
-146
-175
-135
-92
-106
-169
-199
-151
-90
-80
-94
-92
-95
-119
-127
-96
-38
40
92
69
14
-48
-136
-175
-110
-37
-28
-43
-45
-34
-19
-9
-6
-6
-5
-4
-4
-3
0
1
-4
-9
-7
-30
2
28
24
62
181
300
276
125
13
-8
-3
-4
-11
-7
25
51
26
-70
-239
-373
-329
-178
-111
-138
-131
-70
-26
-16
-13
6
53
108
132
109
56
9
-11
-13
-3
28
59
52
21
3
-2
-25
-96
-175
-164
-71
-7
-9
-59
-166
-298
-359
-297
-168
-60
13
64
17
-148
-257
-199
-83
-1
82
145
116
42
6
3
4
-15
-76
-134
-137
-124
-133
-150
-152
-113
-40
20
20
-42
-112
-147
-140
-98
-53
-15
54
114
83
-11
-137
-264
-267
-139
-31
3
14
19
13
4
-3
-6
-5
-3
-1
-1
-3
-3
-2
-4
-7
-6
-78
-46
14
43
131
297
419
392
231
69
2
-5
-3
-6
-13
5
48
58
2
-130
-314
-412
-336
-225
-209
-199
-116
-37
-14
-14
-6
24
70
95
72
25
-6
-15
-15
5
61
103
75
22
0
-15
-78
-180
-202
-98
-1
2
-60
-172
-297
-338
-255
-123
-36
0
32
23
-91
-205
-179
-75
-13
24
92
136
92
26
3
2
-1
-26
-77
-103
-85
-86
-124
-141
-107
-46
12
53
45
-31
-114
-133
-95
-48
-19
17
85
121
57
-91
-269
-360
-272
-110
-15
22
45
50
35
15
1
-5
-5
-4
-4
-3
-1
-1
-3
-6
-11
-11
-68
-75
-17
62
140
175
180
230
244
135
20
-12
-7
-4
-10
-10
17
41
24
-40
-176
-355
-418
-278
-86
-6
-9
-15
-13
-12
-10
-2
12
20
12
-3
-13
-16
-12
24
103
143
88
19
-7
-48
-151
-226
-142
13
49
-35
-162
-284
-316
-224
-95
-20
-2
7
14
-41
-136
-147
-71
-14
8
52
110
112
56
12
3
3
-6
-34
-68
-71
-46
-40
-62
-70
-42
1
41
66
47
-14
-63
-64
-37
-19
1
69
143
118
-23
-221
-364
-332
-173
-44
8
27
34
28
16
5
-3
-7
-6
-3
-3
-4
-4
-3
-3
-8
-14
-12
-42
-84
-57
36
69
-26
-98
25
219
248
134
36
-1
-8
-17
-43
-60
-43
-16
-12
-62
-204
-371
-366
-141
76
112
45
-2
-12
-12
-12
-12
-12
-12
-12
-12
-12
6
76
161
159
74
7
-30
-110
-210
-188
-32
69
11
-133
-266
-301
-210
-84
-15
-2
-4
-5
-33
-92
-110
-61
-14
-6
4
63
120
92
27
1
1
3
-3
-24
-33
4
67
111
123
116
100
86
88
84
46
-1
-22
-20
-14
-10
27
124
179
67
-164
-351
-361
-213
-61
16
44
40
20
5
-2
-4
-4
-4
-4
-3
-1
-1
-3
-4
-5
-7
-5
0
-6
-48
-66
-19
-11
-95
-147
-40
187
336
282
127
22
-11
-27
-59
-87
-66
-5
33
17
-61
-213
-354
-314
-92
98
125
61
7
-13
-16
-15
-13
-12
-12
-12
-5
46
154
213
133
3
-66
-108
-189
-224
-99
60
56
-89
-241
-294
-213
-86
-16
-3
-9
-23
-43
-70
-83
-54
-15
-4
-9
4
62
106
61
-6
-17
-4
1
1
6
55
170
300
385
411
381
302
213
152
99
38
-2
-12
-12
-12
8
88
183
140
-89
-334
-395
-262
-93
8
64
86
58
16
-3
-7
-6
-3
-3
-5
-6
-5
-4
-3
-3
-6
-7
-3
1
43
20
-17
-14
-20
-50
-61
-30
56
155
181
118
37
-4
-12
-14
-7
48
154
225
191
86
-41
-189
-307
-278
-97
82
139
100
42
3
-12
-14
-14
-14
-10
30
137
233
179
-12
-174
-218
-221
-240
-184
-19
83
-10
-191
-280
-219
-95
-19
-2
-4
-14
-39
-66
-66
-39
-13
-3
-3
-1
22
67
74
11
-44
-35
-7
1
4
31
110
233
340
387
377
325
254
193
140
76
17
-10
-14
-15
-8
49
161
182
-18
-302
-418
-309
-128
-8
60
107
108
63
17
-3
-5
-4
-4
-5
-6
-5
-4
-4
-3
-3
-7
-6
6
12
61
52
32
22
-9
-25
-21
-61
-127
-118
-31
26
17
2
13
34
58
119
255
405
429
296
121
-18
-147
-263
-275
-139
46
152
157
120
83
51
28
24
59
152
239
175
-65
-298
-347
-266
-224
-209
-108
22
26
-117
-249
-228
-107
-21
-1
-3
-8
-22
-38
-39
-24
-8
-2
-3
-4
6
41
67
25
-45
-57
-27
-14
-20
-14
9
15
-6
-27
-49
-89
-116
-77
3
40
20
-6
-15
-17
-16
19
117
175
26
-264
-423
-340
-159
-28
48
108
141
129
84
32
1
-5
-4
-3
-3
-5
-5
-4
-3
-2
-3
-6
4
44
61
33
40
27
-14
-58
-58
-54
-117
-184
-148
-66
-33
-26
-9
11
28
36
39
96
253
418
445
319
147
8
-114
-234
-285
-211
-59
83
165
180
153
124
126
169
199
101
-154
-403
-438
-265
-125
-137
-137
-35
25
-63
-202
-230
-133
-35
-3
-4
-7
-13
-25
-21
6
18
6
-4
-7
-9
2
43
55
-26
-95
-57
-8
-31
-87
-99
-58
-82
-225
-371
-439
-445
-384
-245
-96
-21
-11
-15
-17
-16
14
106
181
64
-225
-416
-356
-176
-45
21
81
146
187
184
129
51
3
-7
-4
-2
-4
-7
-7
-5
-4
-4
-4
-6
8
64
89
18
59
40
-37
-77
-76
-95
-132
-121
-73
-62
-68
-47
-20
-5
4
1
-44
-112
-79
124
362
448
352
184
42
-73
-194
-291
-302
-229
-132
-51
9
47
64
40
-78
-283
-449
-433
-232
-43
-45
-130
-104
-4
0
-127
-218
-159
-53
-8
-5
-5
-5
-11
-16
-1
23
22
3
-7
-8
-11
-6
30
36
-53
-114
-56
5
-26
-135
-218
-163
-70
-121
-276
-376
-363
-267
-144
-54
-18
-13
-15
-10
28
124
211
122
-158
-376
-348
-181
-50
6
37
93
178
238
217
128
42
3
-4
-4
-4
-4
-5
-6
-4
-2
-3
-6
-10
0
36
51
55
99
80
27
-12
-55
-98
-92
-54
-69
-106
-78
-30
-15
-10
-5
-6
-41
-143
-226
-136
114
351
448
391
245
96
-23
-130
-234
-315
-346
-319
-260
-211
-205
-261
-359
-417
-349
-164
-2
-12
-131
-163
-81
-10
-49
-158
-177
-85
-14
-2
-4
-4
-6
-12
-11
5
15
7
-2
-4
-4
-8
-6
16
4
-67
-91
-36
9
1
-91
-243
-275
-108
45
14
-85
-111
-76
-36
-16
-13
-11
10
67
158
219
126
-130
-340
-327
-173
-48
15
53
68
87
146
188
145
61
10
-3
-5
-6
-5
-4
-4
-4
-4
-3
-3
-7
-9
-12
-31
-39
70
75
59
58
22
-47
-68
-36
-46
-111
-119
-53
-9
-7
-8
-5
-4
-17
-84
-199
-236
-108
102
292
419
432
326
180
58
-36
-112
-171
-213
-240
-255
-268
-280
-264
-195
-79
38
62
-46
-149
-120
-39
-31
-106
-161
-112
-32
-4
-4
-5
-7
-12
-20
-15
4
10
1
-4
-4
-4
-5
3
10
-33
-89
-68
-12
7
14
0
-122
-285
-246
-12
136
114
53
19
3
2
22
64
125
187
185
41
-207
-373
-331
-171
-49
0
34
76
79
33
10
27
25
1
-10
-8
-5
-4
-4
-4
-3
-1
-1
-2
-3
-7
-12
-38
-107
-125
20
4
-3
16
-6
-60
-55
-34
-94
-147
-95
-20
1
-6
-9
-6
-4
-6
-38
-138
-243
-221
-80
66
203
358
459
429
305
179
96
44
2
-32
-54
-62
-47
0
78
171
230
185
49
-50
-43
-16
-67
-146
-136
-58
-11
-6
-8
-8
-8
-12
-20
-14
5
9
-1
-7
-8
-9
-6
10
7
-54
-102
-64
-8
-1
-3
30
7
-165
-315
-233
-20
107
118
100
93
98
121
151
145
60
-111
-309
-409
-337
-173
-49
2
27
52
63
30
-55
-120
-100
-48
-24
-15
-7
-4
-4
-3
-1
0
-1
-2
-2
-4
-9
-20
-50
-93
-88
-36
-49
-42
-24
-28
-60
-85
-119
-161
-135
-51
2
6
-8
-15
-11
-7
-4
-12
-74
-195
-254
-159
-26
29
93
256
434
506
462
373
303
269
258
255
255
268
310
383
453
435
269
60
-31
-23
-39
-109
-144
-89
-24
-8
-10
-11
-12
-12
-13
-14
-8
1
-1
-9
-12
-12
-12
-6
6
-12
-71
-95
-50
-7
-6
-19
-9
10
-55
-222
-336
-285
-148
-32
48
100
109
66
-21
-142
-278
-376
-372
-266
-132
-38
9
40
85
143
162
92
-38
-134
-135
-83
-45
-24
-10
-6
-5
-4
-3
-2
-3
-3
-2
-4
-10
-22
-20
28
61
-33
-49
-51
-44
-27
-34
-110
-195
-180
-86
-14
10
7
-11
-21
-14
-7
-6
-5
-28
-121
-235
-223
-73
33
4
-20
102
319
491
563
576
576
576
575
573
571
569
557
499
343
106
-64
-74
-38
-68
-111
-90
-35
-8
-9
-11
-10
-11
-14
-18
-14
-3
-1
-7
-11
-12
-12
-11
-6
-6
-39
-84
-75
-27
-2
3
10
13
15
1
-76
-204
-298
-303
-249
-194
-163
-164
-208
-282
-337
-331
-261
-156
-62
-6
25
51
71
94
158
235
212
69
-79
-135
-109
-67
-36
-14
-5
-5
-6
-4
-2
-2
-2
-3
-5
-8
-7
24
91
105
-32
-74
-88
-72
-28
-5
-77
-150
-112
-35
-1
7
5
-9
-18
-13
-6
-5
-6
-11
-58
-174
-257
-170
16
89
-8
-114
-72
105
303
437
495
510
512
510
496
453
369
236
59
-91
-122
-66
-35
-51
-51
-18
1
-5
-10
-11
-11
-9
-12
-20
-15
2
5
-4
-9
-11
-11
-10
-8
-14
-51
-84
-58
-13
1
8
43
105
155
152
90
-6
-97
-162
-212
-259
-296
-306
-285
-242
-184
-119
-59
-15
14
38
61
73
61
23
-2
41
100
63
-53
-128
-119
-77
-38
-12
-5
-6
-4
-1
0
-1
-3
-5
-8
-2
39
95
89
31
-129
-198
-177
-107
-29
7
-27
-55
-32
-6
0
2
4
-1
-9
-11
-7
-3
-4
-6
-22
-100
-224
-254
-114
61
99
-8
-144
-202
-153
-47
51
115
148
159
154
133
91
14
-94
-150
-101
-37
-22
-11
15
23
7
-7
-9
-9
-11
-12
-14
-17
-10
4
4
-7
-12
-12
-12
-12
-9
-14
-48
-76
-51
-11
1
3
32
125
268
365
336
216
95
11
-47
-91
-119
-124
-102
-58
-7
32
45
42
49
65
67
50
24
-24
-112
-170
-120
-48
-66
-119
-117
-74
-33
-11
-6
-5
-3
0
2
0
-2
-3
-9
3
86
195
183
70
-196
-249
-198
-114
-33
-11
-30
-27
-9
-1
0
3
10
8
-8
-17
-11
-5
-4
-4
-7
-43
-150
-261
-236
-88
31
68
46
-58
-213
-312
-308
-240
-162
-101
-62
-43
-43
-79
-145
-158
-86
-26
-18
1
32
26
0
-10
-11
-11
-10
-11
-11
-7
-1
1
-4
-10
-11
-9
-9
-11
-11
-17
-44
-66
-46
-13
-2
-1
9
62
195
369
475
449
326
186
95
78
108
137
152
168
185
182
145
98
72
59
38
12
-5
-23
-84
-177
-193
-113
-72
-108
-117
-69
-25
-9
-5
-4
-3
-1
0
0
-1
-5
-10
10
96
217
262
174
-115
-130
-112
-100
-81
-68
-36
9
18
4
-2
2
11
9
-10
-21
-15
-8
-5
-4
-4
-15
-78
-203
-275
-209
-112
-42
73
167
109
-67
-242
-343
-361
-331
-289
-251
-227
-225
-222
-170
-81
-26
-17
-5
14
10
-6
-12
-12
-12
-12
-11
-7
2
9
3
-8
-12
-12
-12
-12
-13
-15
-23
-43
-55
-38
-14
-6
-4
0
13
63
176
328
432
413
297
208
247
367
455
485
474
399
260
131
69
46
24
5
-6
-11
-12
-35
-104
-150
-107
-64
-97
-119
-69
-16
-3
-4
-3
-1
-1
-2
-1
-2
-8
-7
25
86
140
163
123
-15
-17
-46
-107
-137
-67
82
173
132
44
0
-1
8
9
-3
-15
-15
-9
-5
-4
-5
-7
-30
-120
-243
-267
-190
-142
-86
80
248
275
169
4
-156
-274
-335
-339
-311
-276
-219
-130
-53
-20
-11
-4
0
-4
-11
-14
-13
-13
-14
-13
-9
1
8
1
-9
-12
-12
-12
-12
-13
-17
-29
-45
-45
-28
-14
-8
-5
-4
-3
4
28
70
104
104
96
155
307
466
535
500
380
202
42
-22
-9
5
-2
-10
-11
-9
-7
-14
-44
-73
-62
-49
-88
-116
-70
-15
-2
-3
-1
-1
-2
-1
-1
-4
-10
-8
20
49
33
-16
-36
9
7
-27
-93
-96
46
234
309
237
106
20
-1
5
13
8
-10
-18
-12
-7
-6
-6
-5
-8
-50
-165
-257
-212
-158
-191
-139
53
236
334
345
282
191
117
72
30
-32
-69
-45
-14
-12
-13
-6
-3
-7
-11
-13
-15
-15
-13
-13
-12
-6
-3
-7
-11
-12
-12
-12
-12
-13
-21
-40
-52
-40
-24
-20
-15
-9
-18
-43
-67
-91
-148
-231
-258
-167
6
153
196
145
24
-135
-232
-197
-94
-25
-8
-9
-11
-11
-9
-8
-9
-11
-12
-11
-24
-67
-94
-61
-16
-2
-1
-1
-3
-3
-1
-1
-5
-11
-12
-14
-45
-114
-178
-150
3
5
-1
-13
21
118
198
215
182
109
36
2
1
13
13
-7
-20
-14
-7
-6
-5
-4
-4
-17
-86
-192
-210
-161
-197
-240
-142
19
142
237
317
372
392
366
274
122
1
-21
-8
-17
-21
-8
-1
-6
-11
-12
-12
-12
-13
-15
-15
-13
-12
-13
-15
-16
-16
-16
-16
-15
-23
-48
-59
-39
-25
-28
-23
-14
-30
-86
-168
-260
-351
-391
-328
-196
-87
-71
-144
-243
-329
-366
-296
-151
-41
-6
-6
-8
-7
-6
-6
-6
-6
-2
7
10
-6
-37
-53
-35
-9
-1
-3
-4
-3
-1
0
-1
-7
-8
14
19
-69
-206
-239
-138
1
5
15
37
63
65
43
36
50
47
21
1
-1
8
12
0
-15
-16
-8
-4
-5
-6
-6
-8
-34
-112
-183
-177
-181
-240
-222
-105
-9
42
92
142
169
157
97
2
-61
-49
-21
-23
-23
-7
-1
-9
-14
-13
-12
-13
-14
-13
-13
-15
-16
-16
-16
-15
-13
-13
-15
-15
-21
-41
-50
-35
-28
-34
-26
-9
-3
-31
-138
-308
-412
-359
-219
-113
-83
-104
-145
-204
-254
-222
-114
-26
0
-3
-7
-8
-7
-6
-6
-6
-6
-4
1
3
-3
-10
-10
-5
-2
-3
-4
-3
-1
0
-1
-5
-12
0
63
116
32
-126
-145
-47
1
3
7
16
15
-16
-53
-56
-35
-20
-13
-7
-2
4
12
8
-10
-19
-13
-7
-6
-6
-6
-5
-10
-51
-129
-166
-164
-220
-264
-182
-63
-10
0
3
0
-18
-53
-85
-83
-49
-22
-19
-18
-9
-7
-12
-13
-13
-14
-13
-12
-12
-12
-12
-12
-12
-12
-12
-12
-12
-12
-12
-14
-20
-22
-20
-30
-42
-32
-7
18
16
-68
-199
-239
-160
-61
19
95
133
80
-45
-128
-95
-22
4
-2
-7
-8
-8
-8
-8
-8
-8
-8
-8
-7
-6
-2
11
20
12
0
-3
-1
0
0
0
-2
-8
-12
9
67
104
70
21
7
6
-1
-2
-4
-12
-19
-21
-39
-79
-106
-93
-54
-20
-5
2
12
13
-4
-18
-15
-7
-4
-4
-4
-5
-6
-19
-63
-108
-131
-188
-266
-245
-125
-30
-2
-1
-7
-30
-70
-88
-61
-26
-14
-15
-14
-10
-9
-11
-12
-12
-12
-12
-12
-12
-12
-12
-12
-12
-12
-12
-12
-11
-10
-10
-8
-4
-2
-10
-33
-52
-43
-18
-19
-76
-150
-152
-73
2
44
115
219
228
65
-120
-147
-62
-5
-1
-7
-8
-8
-8
-8
-8
-8
-7
-6
-7
-9
-9
0
17
24
13
1
-1
0
0
0
-1
-4
-10
-9
11
19
3
51
165
179
78
-3
-5
-14
-27
2
80
99
6
-85
-89
-54
-30
-16
-4
8
14
4
-13
-16
-7
-2
-3
-5
-6
-5
-6
-16
-37
-61
-108
-205
-265
-193
-72
-12
-2
-8
-34
-77
-89
-48
-11
-9
-14
-12
-10
-11
-12
-12
-12
-13
-14
-13
-12
-12
-12
-12
-12
-12
-12
-12
-12
-12
-12
-10
-5
-3
-10
-30
-54
-55
-42
-80
-185
-241
-162
-42
15
37
87
123
27
-157
-224
-130
-27
2
-3
-7
-8
-8
-8
-8
-8
-8
-7
-5
-4
-6
-7
1
12
13
6
1
0
0
0
0
-1
-5
-11
-1
28
31
34
130
263
285
173
-10
-11
-14
-9
48
150
200
156
100
76
42
-2
-19
-12
2
16
14
-6
-18
-13
-6
-4
-4
-4
-5
-5
-2
2
6
-14
-106
-229
-244
-136
-37
-7
-11
-33
-70
-78
-38
-6
-8
-13
-9
-7
-10
-12
-12
-12
-12
-12
-12
-12
-12
-12
-12
-12
-12
-13
-14
-14
-14
-13
-10
-5
-3
-7
-21
-51
-72
-81
-140
-228
-221
-116
-31
-8
2
32
8
-136
-250
-186
-56
0
0
-5
-7
-8
-8
-8
-8
-7
-5
-4
-3
-2
-5
-7
1
10
8
2
0
0
0
0
-1
-4
-10
-8
35
121
194
228
237
225
211
156
-10
-12
4
35
51
63
125
214
268
267
199
90
10
-15
-9
7
14
0
-17
-18
-10
-5
-4
-4
-4
-4
-4
2
18
22
-35
-165
-258
-206
-86
-21
-14
-30
-56
-61
-31
-6
-6
-10
-8
-6
-7
-9
-11
-11
-9
-9
-11
-12
-13
-15
-15
-13
-12
-12
-12
-12
-12
-11
-6
3
6
-1
-16
-51
-90
-123
-187
-226
-157
-56
-13
-10
-3
5
-63
-193
-216
-105
-14
1
-6
-8
-8
-8
-8
-7
-5
-3
-1
0
-1
-4
-10
-14
-5
9
10
3
0
0
0
0
-1
-6
-14
3
91
232
332
325
226
117
75
61
14
12
37
70
14
-81
-39
136
289
354
339
255
139
42
-8
-14
0
2
-14
-21
-11
-3
-3
-4
-4
-4
-4
-2
5
10
-12
-99
-223
-255
-156
-50
-17
-26
-43
-48
-29
-9
-6
-8
-7
-5
-5
-7
-9
-10
-9
-8
-9
-11
-12
-12
-11
-9
-8
-8
-9
-10
-9
-8
-5
4
10
5
-13
-55
-110
-161
-202
-183
-95
-24
-7
-5
5
-18
-123
-212
-159
-47
1
0
-6
-7
-6
-6
-5
-3
-1
0
-1
-3
-4
-6
-12
-15
-5
9
10
3
0
0
0
-1
-4
-9
-9
28
126
230
260
208
115
34
-2
-6
67
99
128
134
30
-146
-195
-36
175
306
377
406
359
246
129
51
14
-3
-18
-26
-20
-10
-5
-4
-4
-4
-4
-3
-1
0
-4
-45
-156
-255
-222
-107
-35
-24
-34
-38
-26
-11
-7
-7
-5
-4
-5
-7
-8
-8
-8
-8
-8
-8
-8
-8
-8
-8
-8
-8
-8
-8
-8
-8
-6
1
6
2
-16
-61
-126
-184
-194
-131
-49
-11
-7
-2
-1
-58
-160
-180
-90
-11
4
-3
-7
-7
-5
-3
-1
-1
-3
-4
-4
-4
-4
-7
-13
-10
4
11
5
4
25
53
53
25
-1
-14
0
68
150
161
105
46
5
-18
-26
-22
138
225
236
187
77
-105
-240
-184
-6
147
257
354
426
445
395
294
189
109
45
-9
-35
-33
-24
-17
-12
-9
-7
-5
-4
-3
-1
-15
-88
-210
-261
-182
-77
-31
-26
-26
-18
-10
-7
-4
-2
-4
-7
-8
-7
-6
-7
-8
-8
-8
-8
-7
-6
-7
-8
-8
-8
-8
-8
-8
-7
-4
-2
-4
-18
-60
-126
-182
-176
-99
-27
-6
-6
-4
-23
-101
-171
-129
-35
4
-1
-6
-5
-4
-4
-4
-4
-4
-4
-4
-3
-1
-3
-11
-16
-6
11
13
11
44
124
195
176
83
8
-12
26
119
173
103
-11
-65
-62
-39
-20
-10
164
236
189
109
63
-6
-123
-182
-117
1
91
159
249
359
442
468
444
382
285
173
80
16
-23
-38
-37
-30
-23
-18
-15
-12
-8
-7
-39
-143
-254
-246
-139
-52
-21
-15
-12
-8
-2
5
6
0
-6
-8
-7
-6
-7
-8
-8
-8
-8
-8
-8
-8
-8
-8
-8
-8
-8
-8
-8
-8
-7
-6
-14
-53
-129
-185
-156
-73
-18
-6
-6
-12
-48
-116
-139
-75
-8
5
-3
-6
-5
-4
-4
-4
-4
-3
-1
0
0
-1
-5
-12
-13
1
16
26
65
148
231
251
182
73
1
0
72
165
168
56
-63
-101
-71
-29
-7
-1
129
136
45
-12
25
77
43
-64
-126
-82
-2
45
75
126
212
319
414
473
489
455
368
254
151
74
19
-19
-39
-42
-36
-30
-26
-20
-26
-88
-208
-275
-206
-87
-22
-7
-7
-7
0
14
20
9
-4
-8
-8
-8
-8
-8
-8
-8
-8
-9
-10
-9
-8
-8
-8
-8
-8
-8
-8
-8
-8
-8
-10
-42
-127
-184
-132
-46
-11
-8
-7
-14
-45
-79
-69
-24
2
0
-4
-4
-4
-4
-3
-1
0
0
0
0
0
-1
-5
-11
-8
10
38
90
165
209
176
81
-8
-38
-23
28
125
190
140
34
-35
-49
-30
-9
-1
0
88
89
21
-26
8
86
97
-12
-146
-169
-81
6
32
27
39
85
158
253
361
448
483
477
442
369
268
169
92
35
-8
-35
-46
-46
-42
-62
-150
-262
-264
-146
-42
-10
-9
-10
-5
9
18
9
-3
-5
-5
-7
-8
-8
-8
-8
-8
-8
-8
-8
-8
-8
-8
-8
-8
-8
-8
-8
-8
-8
-7
-25
-86
-128
-86
-25
-7
-8
-7
-8
-16
-21
-11
2
3
-2
-3
-1
0
0
0
0
0
-1
-3
-4
-4
-6
-13
-20
-13
16
75
156
197
148
31
-93
-146
-105
-26
72
171
183
103
33
11
5
1
0
1
2
43
85
87
27
-10
34
48
-42
-152
-195
-145
-46
19
28
14
6
17
50
105
180
271
368
446
483
483
455
395
306
209
128
69
22
-15
-44
-102
-213
-286
-222
-98
-35
-26
-24
-19
-13
-10
-11
-12
-12
-12
-12
-11
-9
-8
-8
-8
-8
-8
-8
-8
-8
-8
-8
-8
-8
-7
-5
-4
-5
-6
-10
-25
-36
-24
-7
-3
-4
-5
-5
0
6
8
6
1
-3
-4
-5
-7
-8
-9
-11
-12
-13
-15
-17
-21
-27
-27
-9
31
87
145
174
152
91
15
-40
-47
-23
32
133
199
150
62
27
26
20
10
6
7
6
-7
51
99
54
-16
-13
16
7
-5
-32
-88
-89
-24
23
25
11
2
1
5
20
56
110
178
264
360
440
482
490
477
439
370
282
196
125
55
-60
-207
-264
-184
-83
-44
-41
-42
-41
-39
-36
-34
-34
-32
-28
-24
-21
-20
-19
-17
-16
-16
-16
-16
-16
-16
-16
-16
-15
-12
-9
-8
-8
-9
-9
-3
3
0
-6
-9
-11
-12
-10
-2
6
3
-7
-15
-19
-20
-21
-24
-27
-29
-33
-40
-45
-41
-26
-4
25
70
137
215
273
272
209
132
76
64
119
176
166
165
213
200
103
28
14
22
26
24
22
22
16
-42
-2
50
43
-2
-35
-18
37
100
120
34
-77
-81
-14
24
20
7
1
0
0
1
5
19
52
102
164
240
328
413
471
491
489
476
440
373
261
86
-81
-112
-31
19
2
-28
-45
-50
-49
-47
-44
-42
-42
-42
-43
-43
-41
-39
-37
-36
-36
-36
-35
-33
-32
-32
-31
-29
-28
-28
-27
-26
-26
-24
-22
-25
-30
-33
-35
-35
-31
-22
-13
-17
-31
-39
-41
-44
-47
-48
-45
-33
-13
8
31
63
109
170
240
307
357
377
352
279
181
85
25
51
163
272
305
290
247
152
52
8
6
17
31
43
51
53
38
-46
-31
15
35
11
-41
-62
-23
31
75
68
-32
-118
-86
-9
23
16
4
0
0
0
0
0
0
2
13
41
84
135
196
272
356
430
477
493
483
422
301
219
238
261
223
166
120
86
61
39
16
-8
-30
-46
-53
-52
-49
-47
-45
-44
-44
-44
-44
-44
-44
-44
-44
-44
-44
-44
-44
-44
-44
-44
-44
-44
-45
-46
-46
-48
-49
-43
-35
-34
-35
-26
-9
7
22
42
70
107
155
214
276
324
350
363
370
365
336
277
197
118
48
-10
-16
38
103
180
263
263
157
47
4
2
8
21
41
63
84
94
68
-41
-58
-20
30
32
-1
-16
8
31
42
55
8
-109
-173
-125
-45
-3
5
2
0
0
0
0
0
0
0
0
1
6
22
55
98
144
200
269
342
393
396
388
422
468
483
475
450
405
349
294
244
198
158
126
103
87
73
60
48
36
25
15
3
-10
-19
-23
-26
-30
-32
-32
-31
-27
-21
-16
-12
-6
2
10
19
28
38
52
68
84
103
130
166
208
253
298
335
356
365
373
380
373
342
290
228
168
118
76
39
3
-36
-45
4
52
51
65
125
127
27
-53
-42
-5
13
29
57
88
110
114
79
-30
-78
-73
0
85
147
171
168
159
136
100
47
-73
-225
-279
-220
-139
-80
-39
-13
-2
0
0
0
0
0
0
0
0
0
0
1
6
22
53
91
126
159
205
273
348
413
463
493
501
495
487
484
484
481
468
442
408
372
337
306
280
256
230
199
167
145
135
128
122
120
121
124
129
136
144
153
165
180
197
217
241
269
299
328
352
365
369
371
375
383
389
382
357
317
266
210
160
120
85
52
24
7
0
-8
-31
-55
-32
24
41
19
12
35
44
-5
-70
-76
-32
5
27
60
102
127
120
76
42
15
-21
18
145
301
381
354
284
206
129
62
-35
-169
-268
-305
-304
-265
-195
-123
-65
-26
-7
-1
0
0
0
0
0
0
0
0
0
0
0
1
4
12
32
63
96
128
161
200
248
300
350
396
438
473
497
507
505
499
493
488
481
466
441
411
387
375
371
370
371
372
372
372
371
369
368
369
371
372
373
376
380
385
392
397
393
377
351
318
280
239
197
158
126
99
71
42
19
6
1
0
0
0
-4
-18
-27
2
52
57
15
-14
-12
4
27
30
-19
-74
-67
-22
10
34
68
100
104
67
108
139
116
94
123
227
327
331
249
146
74
30
-12
-51
-95
-163
-242
-304
-329
-304
-239
-167
-110
-65
-29
-8
-1
0
0
0
0
0
0
0
0
0
0
0
0
0
0
1
6
19
41
68
95
119
140
161
186
216
248
279
307
327
331
321
311
313
328
344
353
359
363
364
363
360
356
351
344
335
323
309
294
276
255
231
205
179
154
133
115
97
78
56
33
15
5
1
0
0
0
0
0
0
0
-3
-18
-30
27
162
245
189
72
-6
-25
-13
10
38
33
-28
-76
-55
-14
2
15
40
54
38
76
119
132
98
28
7
58
99
82
41
10
-13
-16
6
15
-4
-48
-131
-231
-304
-341
-344
-309
-247
-181
-128
-87
-50
-21
-6
-1
0
0
0
0
0
0
0
0
0
0
0
0
0
0
0
0
0
1
4
10
21
35
47
50
39
22
13
24
55
88
108
116
119
120
120
120
119
117
115
112
107
100
93
86
76
64
51
36
21
10
4
1
0
0
0
0
0
0
0
0
0
0
0
-1
-8
-30
-70
-105
-79
45
206
289
259
158
38
-36
-37
-9
19
42
19
-45
-68
-38
-14
-6
6
17
15
17
29
42
41
-10
-72
-67
-23
-4
-11
-31
-49
-35
2
20
21
21
3
-45
-118
-205
-279
-322
-346
-354
-332
-281
-218
-161
-118
-83
-49
-21
-6
-1
0
0
0
0
0
0
0
0
0
0
0
0
0
0
0
-1
-6
-18
-39
-68
-94
-100
-82
-52
-24
-7
-1
0
0
0
0
0
0
0
0
0
0
0
0
0
0
0
0
0
0
0
0
0
0
0
0
0
0
0
0
-1
-6
-20
-47
-84
-128
-188
-253
-252
-137
10
90
113
108
68
4
-42
-41
-16
3
25
38
-1
-58
-59
-23
-2
5
10
9
-10
-21
-6
52
88
52
5
-6
-11
-38
-73
-80
-50
-13
3
5
13
23
19
0
-26
-63
-121
-196
-267
-312
-335
-352
-354
-327
-277
-218
-165
-127
-98
-67
-36
-15
-5
-1
0
0
0
0
0
0
0
0
-1
-5
-14
-31
-57
-85
-100
-92
-66
-35
-12
-2
0
0
0
0
0
0
0
0
0
0
0
0
0
0
0
0
0
0
0
0
0
0
0
0
0
0
-1
-8
-26
-53
-83
-115
-158
-218
-286
-344
-375
-359
-265
-111
2
23
2
-32
-59
-38
2
10
0
-2
11
35
28
-28
-62
-36
-3
4
2
2
-26
-19
52
163
229
190
90
19
-11
-42
-69
-63
-39
-22
-10
0
9
16
14
10
14
14
0
-21
-50
-96
-159
-230
-289
-321
-338
-355
-362
-343
-302
-251
-199
-156
-126
-103
-79
-52
-27
-11
-4
-1
-1
-4
-11
-26
-50
-77
-96
-97
-77
-46
-20
-6
-1
0
0
0
0
0
0
0
0
0
0
0
0
0
0
0
0
0
0
0
0
0
-1
-5
-14
-31
-55
-80
-105
-136
-178
-230
-285
-333
-365
-375
-368
-349
-303
-219
-116
-32
4
4
-2
-17
-32
-4
43
45
17
2
4
22
38
7
-47
-50
-20
-12
-15
-9
-4
69
179
238
222
156
75
20
4
9
20
25
9
-16
-19
-5
6
14
15
6
-1
0
5
12
16
8
-10
-30
-58
-103
-164
-232
-287
-316
-330
-346
-363
-365
-346
-313
-272
-228
-187
-154
-131
-116
-105
-98
-99
-108
-117
-113
-90
-57
-28
-10
-2
0
0
0
0
0
0
0
0
0
0
0
0
0
0
0
-1
-5
-14
-27
-42
-59
-76
-92
-109
-129
-156
-193
-236
-281
-326
-362
-378
-375
-366
-356
-329
-273
-202
-135
-81
-39
-2
17
2
-19
-14
1
7
15
26
23
10
3
2
11
31
25
-22
-53
-43
-31
-28
-18
73
177
219
164
90
44
19
7
14
48
92
106
68
12
-11
-4
6
15
19
11
1
-1
0
0
1
4
9
16
18
7
-11
-28
-49
-84
-134
-194
-255
-300
-320
-327
-338
-357
-374
-376
-367
-361
-356
-344
-328
-308
-275
-229
-183
-147
-125
-115
-109
-104
-100
-96
-93
-92
-92
-92
-92
-93
-96
-100
-104
-108
-112
-118
-128
-142
-161
-185
-212
-241
-272
-304
-335
-362
-380
-384
-377
-369
-363
-349
-315
-262
-202
-146
-99
-62
-32
-7
5
9
29
47
26
-6
-7
17
36
26
2
-6
-2
0
0
3
19
35
7
-46
-58
-42
-35
-24
137
185
132
52
7
-6
-7
-3
7
29
64
95
93
51
6
-8
1
14
19
12
2
-2
-1
0
0
0
0
0
1
4
10
18
20
11
-4
-20
-36
-56
-85
-123
-170
-223
-274
-320
-366
-414
-453
-472
-472
-457
-433
-411
-395
-380
-365
-352
-340
-329
-320
-312
-306
-303
-301
-301
-304
-308
-312
-317
-325
-336
-348
-362
-377
-387
-390
-388
-382
-374
-368
-365
-363
-357
-339
-304
-257
-208
-160
-115
-80
-56
-35
-13
3
7
5
3
1
13
50
75
56
24
24
73
124
103
33
-8
-10
-4
-1
0
10
30
19
-27
-49
-40
-34
-25
94
81
24
-1
-9
-18
-20
-12
-4
-5
-7
20
79
96
37
-19
-21
1
15
14
5
-2
-3
-1
0
0
0
0
0
0
0
0
0
1
5
13
22
24
14
-3
-19
-35
-63
-113
-177
-232
-267
-290
-305
-314
-325
-340
-353
-360
-363
-364
-364
-364
-364
-364
-364
-364
-364
-364
-364
-364
-364
-364
-364
-364
-365
-366
-364
-356
-339
-314
-284
-251
-217
-183
-149
-117
-90
-69
-52
-35
-16
1
9
8
4
1
0
0
0
-1
6
40
86
100
78
48
37
80
164
198
132
37
-5
-3
3
4
7
19
26
-2
-44
-51
-35
-21
-78
-137
-136
-84
-36
-20
-19
-14
-19
-50
-80
-50
55
143
121
36
-17
-23
-8
6
7
1
-3
-4
-4
-3
-1
0
0
0
0
0
0
0
0
1
3
4
3
-2
-14
-37
-71
-103
-114
-99
-77
-66
-64
-66
-72
-80
-90
-104
-119
-132
-144
-155
-164
-172
-178
-181
-183
-183
-180
-176
-172
-167
-159
-148
-136
-122
-106
-92
-80
-69
-60
-51
-40
-27
-12
2
11
13
9
5
3
1
0
0
0
0
0
0
0
-1
14
69
127
135
110
75
32
14
51
103
96
39
3
1
4
4
4
15
32
2
-65
-83
-53
-25
-193
-296
-299
-236
-140
-53
-7
-2
-30
-81
-111
-72
26
131
188
170
101
33
-1
-9
-10
-7
-3
-3
-4
-3
-1
0
0
0
0
0
0
0
0
0
-1
-5
-16
-40
-78
-118
-138
-125
-86
-42
-12
2
8
12
15
16
14
8
1
-5
-11
-16
-20
-24
-27
-28
-28
-28
-28
-27
-24
-20
-16
-12
-7
0
8
14
16
15
12
8
5
3
1
0
0
0
0
0
0
0
0
0
0
0
0
0
0
2
28
97
155
151
120
81
17
-66
-138
-153
-99
-28
6
7
4
4
4
11
21
-5
-65
-94
-76
-41
-80
-152
-220
-271
-258
-164
-56
-6
-11
-35
-48
-32
6
62
138
201
212
177
123
68
24
-4
-17
-18
-12
-6
-3
-2
-3
-4
-3
-1
0
0
0
-1
-8
-28
-63
-104
-132
-131
-101
-59
-25
-7
-1
0
0
0
0
0
0
0
0
0
0
0
0
0
0
0
0
0
0
0
0
0
0
0
0
0
0
0
0
0
0
0
0
0
0
0
0
0
0
0
0
0
0
0
0
0
0
-1
-2
13
70
143
155
109
73
49
1
-86
-181
-205
-131
-34
11
11
5
4
5
8
13
8
-27
-72
-82
-51
43
28
-44
-143
-230
-241
-157
-52
13
49
64
48
21
16
42
93
157
210
232
221
177
104
27
-30
-55
-46
-23
-8
-4
-4
-3
-1
0
-1
-5
-17
-44
-84
-121
-134
-114
-73
-34
-11
-2
0
0
0
0
0
0
0
0
0
0
0
0
0
0
0
0
0
0
0
0
0
0
0
0
0
0
0
0
0
0
0
0
0
0
0
0
0
0
0
0
0
0
0
0
0
-1
-4
-4
11
50
118
200
223
143
44
6
5
1
-19
-49
-54
-22
6
9
5
4
4
4
5
15
29
7
-49
-74
-48
29
21
-3
-17
-55
-117
-125
-62
13
80
131
130
84
38
14
16
45
97
166
235
273
250
148
-2
-111
-129
-96
-61
-34
-14
-3
0
-2
-10
-30
-66
-107
-131
-124
-90
-48
-17
-3
0
0
0
0
0
0
0
0
0
0
0
0
0
0
0
0
0
0
0
0
0
0
0
0
0
0
0
0
0
0
0
0
0
0
0
0
0
0
0
0
0
0
0
-1
-3
-5
-4
9
39
84
149
239
330
365
301
172
60
4
-8
13
58
76
40
5
1
4
5
7
8
7
5
13
29
11
-42
-67
-44
10
16
32
81
137
134
72
19
13
50
112
161
164
127
79
39
15
16
46
99
158
175
100
-27
-116
-150
-158
-147
-119
-86
-59
-39
-27
-38
-78
-121
-133
-108
-66
-29
-8
-1
0
0
0
0
0
0
0
0
0
0
0
0
0
0
0
0
0
0
0
0
0
0
0
0
0
0
0
0
0
0
0
0
0
0
0
0
0
0
0
0
0
-1
-4
-9
-15
-15
7
61
138
226
313
377
404
396
354
288
219
145
67
15
13
66
123
104
33
-5
-3
3
5
7
8
7
9
14
0
-37
-59
-42
12
38
59
75
121
171
150
71
16
15
52
110
163
184
162
110
63
45
48
49
16
-65
-133
-119
-68
-63
-100
-135
-155
-163
-154
-128
-104
-106
-127
-128
-94
-49
-17
-3
0
0
0
0
0
0
0
0
0
0
0
0
0
0
0
0
0
0
0
0
0
0
0
0
0
0
0
0
0
0
0
0
0
0
0
0
0
0
0
-1
-4
-9
-15
-20
-24
-29
-34
-22
55
215
375
450
449
402
315
221
172
172
175
142
80
25
1
29
113
169
119
31
-4
0
5
7
8
8
8
7
-2
-25
-46
-38
9
28
31
-13
-63
-64
-44
-37
-26
-7
11
38
82
127
144
134
132
149
155
101
-46
-210
-240
-129
-21
9
-7
-38
-77
-115
-141
-157
-167
-162
-135
-93
-54
-31
-22
-19
-15
-9
-4
-1
0
0
0
0
0
0
0
0
0
0
0
0
0
0
0
0
0
0
0
0
0
0
0
0
0
0
0
0
0
-1
-3
-5
-9
-15
-20
-23
-26
-32
-39
-42
-38
-26
-10
8
63
202
368
432
372
267
168
93
62
65
65
47
13
-27
-55
-56
-13
50
64
27
2
4
8
8
8
7
5
5
4
-9
-29
-29
7
16
22
-7
-88
-187
-241
-201
-99
-23
0
6
19
41
71
113
161
187
150
14
-169
-251
-177
-59
2
15
16
13
4
-11
-37
-75
-105
-100
-64
-33
-26
-32
-38
-39
-35
-29
-24
-22
-22
-21
-18
-13
-8
-5
-3
-1
0
0
0
0
0
0
0
0
0
0
0
0
0
-1
-3
-5
-8
-12
-16
-20
-23
-24
-24
-26
-31
-37
-42
-43
-38
-28
-17
-8
1
14
30
28
-16
-54
3
127
205
210
185
147
97
48
15
-4
-38
-103
-168
-206
-221
-196
-115
-29
8
10
7
5
4
4
4
8
16
10
-12
-19
4
9
20
31
8
-76
-173
-182
-97
-21
0
0
1
10
41
89
113
68
-68
-245
-321
-229
-84
-8
2
-5
-5
4
14
17
11
1
-5
1
17
26
21
12
5
-2
-13
-26
-35
-39
-40
-39
-36
-32
-28
-25
-23
-21
-20
-20
-20
-20
-20
-21
-23
-24
-24
-23
-21
-20
-20
-20
-21
-24
-28
-32
-36
-40
-43
-43
-40
-35
-26
-14
-5
-1
3
13
26
35
38
33
21
-1
-74
-220
-320
-238
-43
109
176
184
141
68
16
1
-14
-72
-162
-221
-224
-183
-101
-18
15
12
7
5
4
5
7
14
26
20
-6
-16
4
7
11
21
32
25
-7
-31
-21
-3
1
0
0
5
23
37
-2
-136
-325
-417
-318
-135
-18
12
4
-11
-18
-15
-8
-1
5
11
16
20
25
32
39
44
46
42
31
18
9
6
6
4
-3
-14
-24
-31
-36
-39
-40
-40
-40
-40
-40
-40
-41
-43
-43
-41
-40
-40
-40
-39
-37
-34
-28
-20
-12
-5
-1
0
1
7
18
29
38
42
39
33
28
24
17
3
-14
-22
-44
-154
-339
-436
-342
-147
14
94
98
54
14
6
26
40
3
-49
-44
2
31
30
18
10
8
8
7
5
4
10
26
31
13
-2
4
7
8
9
14
24
32
28
15
5
0
-4
-9
-16
-28
-71
-188
-358
-450
-361
-172
-36
10
16
16
13
2
-13
-19
-12
-2
3
4
5
8
13
19
23
25
29
35
40
43
45
46
44
38
29
20
13
8
5
4
4
4
4
4
5
6
5
4
3
1
0
0
0
2
8
15
21
28
36
42
44
43
40
36
32
28
25
23
18
9
-1
-13
-23
-20
-4
5
-38
-180
-380
-491
-422
-242
-80
-2
11
5
4
27
78
101
66
35
38
38
24
13
8
5
4
4
4
3
6
24
47
48
26
3
4
5
7
8
9
11
10
4
-7
-32
-75
-118
-150
-197
-298
-433
-490
-383
-186
-41
11
16
13
17
27
28
21
32
69
95
79
41
14
5
4
4
4
5
8
13
19
23
24
24
25
29
35
40
44
47
48
48
47
45
44
44
44
45
47
46
42
40
40
40
41
43
43
40
35
29
25
25
27
27
23
18
15
12
9
8
12
23
26
11
1
11
22
21
10
-41
-179
-376
-512
-491
-348
-200
-118
-91
-82
-61
-8
50
60
32
12
8
7
5
4
4
4
4
4
4
6
19
49
75
60
3
4
4
5
7
6
0
-5
-11
-45
-126
-226
-304
-365
-444
-526
-527
-394
-195
-49
8
17
13
9
9
15
34
83
176
282
330
288
198
117
64
30
9
2
3
4
4
4
4
3
3
6
10
15
20
24
26
25
24
23
21
20
20
20
21
23
23
21
20
21
23
24
23
21
20
19
16
12
9
8
9
11
11
9
9
15
34
79
148
192
166
100
48
23
13
11
9
-29
-149
-339
-505
-554
-489
-385
-302
-254
-220
-164
-78
-5
18
12
8
7
5
5
6
5
4
4
4
5
11
36
83
88
-116
-172
-182
-182
-181
-181
-188
-208
-247
-312
-384
-421
-437
-485
-543
-522
-389
-216
-96
-50
-42
-45
-51
-55
-57
-57
-36
35
135
199
211
202
180
135
71
7
-37
-55
-56
-53
-52
-52
-52
-52
-52
-52
-51
-49
-48
-48
-49
-51
-52
-52
-52
-52
-52
-52
-52
-52
-51
-49
-48
-48
-48
-49
-50
-49
-48
-47
-45
-43
-42
-43
-44
-43
-42
-44
-47
-39
0
74
155
202
180
92
0
-44
-52
-50
-44
-43
-71
-160
-319
-495
-598
-584
-502
-435
-413
-400
-344
-255
-195
-180
-180
-180
-181
-183
-185
-187
-187
-186
-187
-188
-187
-174
-131
-65
-470
-704
-748
-745
-743
-732
-723
-777
-892
-950
-893
-790
-707
-638
-544
-417
-295
-219
-194
-197
-208
-219
-228
-235
-239
-241
-250
-289
-379
-490
-544
-503
-411
-330
-279
-246
-225
-217
-216
-216
-215
-213
-212
-212
-213
-215
-216
-216
-216
-216
-215
-213
-212
-211
-209
-208
-208
-208
-208
-208
-207
-205
-204
-205
-207
-208
-208
-209
-211
-212
-212
-212
-212
-212
-213
-215
-216
-216
-216
-220
-238
-282
-348
-387
-353
-279
-228
-215
-218
-220
-218
-211
-202
-207
-255
-362
-502
-629
-717
-766
-797
-822
-815
-772
-738
-732
-736
-740
-744
-748
-751
-753
-756
-760
-763
-764
-759
-755
-729
-510
