62
66
72
88
130
181
217
236
241
226
192
136
84
81
111
160
204
231
242
247
248
248
248
247
241
225
202
185
184
188
191
192
192
192
191
192
211
251
311
386
451
498
530
549
556
551
543
542
548
556
561
559
551
540
528
514
500
497
511
533
550
560
568
574
574
559
523
474
432
418
441
483
526
557
571
575
576
576
576
575
566
537
491
514
696
868
955
985
955
861
648
371
258
246
245
242
238
238
242
244
241
231
217
210
218
233
233
210
154
91
70
81
143
193
203
178
114
82
98
103
66
22
28
70
117
128
103
70
54
71
124
100
32
66
121
151
139
103
74
65
64
64
63
57
47
48
44
41
52
52
49
48
48
48
49
44
53
101
158
203
222
223
209
183
156
142
147
162
169
154
122
88
60
40
31
41
58
84
124
167
214
262
302
341
384
413
405
351
254
144
85
89
94
103
124
137
140
140
141
145
156
184
177
222
383
343
192
136
199
432
534
310
96
63
64
65
65
61
58
61
69
81
78
53
38
41
60
127
138
74
24
45
124
121
81
143
103
30
57
101
70
23
41
94
112
84
45
21
20
73
139
95
35
107
135
110
62
25
7
1
0
1
7
25
52
56
25
4
9
5
1
0
0
0
1
2
32
127
213
207
146
89
49
23
15
19
22
11
21
63
99
117
108
76
34
49
117
173
198
203
209
220
226
225
227
242
280
321
312
225
86
45
120
123
77
33
16
16
13
5
18
86
79
120
278
323
238
152
258
308
433
341
87
5
4
7
8
3
5
5
4
19
36
34
4
38
20
75
136
97
24
48
126
118
23
127
122
21
60
110
72
40
71
106
94
64
60
89
104
129
168
85
82
131
106
53
18
4
0
0
0
4
18
45
58
31
3
11
5
1
0
0
0
0
0
5
38
167
255
207
107
39
10
8
11
10
29
71
116
147
139
75
59
162
236
277
298
295
269
228
183
141
105
81
68
69
101
181
277
327
281
150
6
109
124
79
37
30
29
19
5
62
71
66
169
277
235
112
253
197
328
359
107
13
1
4
7
5
2
4
4
3
18
38
37
5
34
26
115
118
42
53
121
114
11
110
130
32
65
123
78
61
91
108
107
122
157
172
125
172
181
49
107
108
58
19
5
1
0
0
1
13
38
58
40
2
12
7
1
0
0
0
0
0
0
3
57
196
266
183
70
16
1
8
24
61
112
152
167
150
89
133
247
299
301
262
204
147
107
81
56
32
13
4
3
0
8
42
115
221
307
310
203
36
91
117
72
45
46
42
14
32
67
128
158
257
223
133
224
118
314
377
103
26
1
1
5
7
4
1
3
2
3
18
41
38
7
22
74
116
58
54
118
103
14
95
124
32
65
141
89
90
128
158
184
200
190
127
120
236
146
40
100
66
26
7
1
0
0
1
8
30
56
49
11
10
7
1
0
0
0
0
0
0
0
4
70
212
268
164
48
5
8
32
82
138
168
156
111
53
69
224
287
207
128
83
46
19
5
1
0
0
0
4
4
0
3
4
20
71
168
278
321
226
44
118
117
67
54
63
38
1
68
175
217
244
179
138
197
181
406
404
87
45
8
0
1
4
5
3
1
0
0
4
21
46
38
10
42
97
63
56
119
89
13
84
113
31
63
162
115
150
208
233
214
163
104
54
225
248
62
76
77
36
11
3
0
0
0
4
20
47
56
24
6
8
3
0
0
0
0
0
0
0
0
7
77
221
270
153
36
5
33
91
155
172
130
61
4
39
66
210
315
217
61
2
0
0
0
0
0
0
0
3
4
4
4
3
1
10
43
125
250
309
178
91
143
98
62
72
65
45
98
211
205
226
172
159
178
239
494
394
71
63
24
2
3
2
4
4
1
0
0
0
4
25
50
42
40
84
58
67
119
73
7
75
97
42
58
184
181
249
271
217
130
68
26
118
275
190
24
84
50
19
5
1
0
0
1
10
35
57
38
0
11
5
1
0
0
0
0
0
1
3
4
5
72
220
274
155
32
26
85
155
169
106
22
32
49
38
40
170
310
239
67
0
0
0
0
0
0
0
0
1
3
4
3
1
1
3
6
57
224
343
227
45
109
116
83
80
86
93
136
275
297
190
118
178
244
382
489
322
55
66
47
10
4
4
4
5
4
1
0
0
0
7
31
54
62
81
46
80
113
58
5
66
69
51
44
204
290
316
230
113
38
23
4
165
266
114
81
66
27
13
3
0
0
0
4
20
50
52
12
11
7
1
0
1
3
4
4
4
4
4
4
1
55
201
275
186
74
71
132
154
92
15
44
42
24
13
75
233
322
209
51
1
3
4
4
4
4
4
4
4
4
4
4
4
4
4
3
78
271
335
178
37
39
82
82
80
95
110
124
231
324
406
522
528
423
369
371
238
57
50
64
26
2
4
4
5
7
5
1
0
0
1
12
41
74
88
54
88
94
40
19
60
33
56
31
223
390
279
118
28
5
24
16
199
236
50
101
65
20
10
2
0
0
0
9
34
56
34
4
10
4
4
4
4
4
4
4
4
3
1
0
4
31
151
258
253
191
157
156
110
32
18
29
25
31
71
199
330
296
143
42
27
28
29
30
29
27
24
21
19
15
9
5
4
3
1
0
84
276
320
156
46
31
35
46
67
108
131
147
180
212
415
536
488
333
186
269
193
60
23
66
45
7
4
4
4
5
8
5
1
0
0
2
21
61
82
67
80
66
20
34
54
8
61
29
237
441
180
32
1
5
32
30
226
209
48
87
77
41
5
3
0
0
1
17
47
50
14
10
8
4
4
4
3
1
0
0
0
0
1
4
7
15
81
173
226
215
156
81
19
60
91
119
153
197
266
359
362
234
120
90
88
89
91
92
91
88
83
76
68
60
52
44
36
29
23
17
66
239
342
209
45
4
17
58
111
157
166
207
233
253
313
237
208
253
147
226
154
50
8
51
61
21
5
5
4
4
7
7
3
0
0
0
7
38
59
59
59
39
3
46
36
33
57
40
244
459
108
7
1
11
36
47
244
185
88
80
87
61
1
5
0
0
4
25
52
40
1
11
5
1
0
0
0
0
0
1
10
31
60
91
122
157
187
196
182
166
181
240
310
362
395
413
419
423
426
395
291
172
123
116
116
117
118
118
118
118
119
119
117
117
118
116
110
100
88
76
84
196
354
301
109
73
116
144
159
148
115
157
214
221
164
53
69
174
179
178
94
31
24
24
65
41
4
7
6
5
7
8
5
1
0
0
1
17
33
38
33
15
22
48
10
50
44
51
247
462
95
10
0
15
39
62
247
152
112
64
101
69
1
6
0
0
8
32
50
28
7
8
1
0
1
3
4
10
35
84
154
235
316
396
471
529
561
568
556
534
512
497
488
483
473
446
407
365
311
233
146
91
76
73
71
68
65
64
65
68
73
80
88
96
103
109
115
119
118
117
120
180
346
407
275
129
92
105
94
55
20
41
67
67
35
8
17
62
87
75
31
18
30
6
53
58
15
7
5
5
8
11
9
5
3
1
1
6
14
17
12
12
40
34
24
51
27
59
248
457
103
5
0
16
39
69
229
115
124
31
120
59
5
4
5
12
24
44
43
14
7
5
3
3
4
19
58
130
235
360
477
552
583
595
601
595
571
534
493
451
400
341
282
232
192
161
134
110
83
53
29
18
16
15
14
14
13
12
13
15
17
20
24
28
33
39
46
56
66
76
88
131
270
432
483
435
350
254
160
93
48
15
5
10
15
15
11
3
4
8
8
13
27
22
35
63
28
4
7
6
7
9
11
8
7
5
1
3
3
3
6
28
43
7
43
39
13
63
248
453
110
1
0
16
35
63
187
103
99
70
141
50
23
20
27
41
55
56
30
2
7
4
5
21
70
161
288
428
539
594
590
540
467
389
315
252
205
173
149
128
106
80
53
31
15
4
3
1
3
4
4
4
4
4
4
3
0
0
0
0
0
0
0
0
1
3
5
10
14
19
26
46
125
271
428
536
577
561
489
375
254
153
80
36
14
11
13
14
14
14
12
10
21
28
17
54
41
6
7
7
7
8
11
8
8
10
3
4
3
3
17
38
25
25
43
21
4
64
248
452
112
0
0
15
28
43
129
94
37
144
147
49
40
39
44
55
55
34
12
12
5
13
60
164
315
465
566
595
547
444
321
211
138
91
53
23
7
2
0
0
0
3
4
4
4
1
4
0
0
0
0
0
0
0
4
4
0
0
0
0
0
0
0
0
0
0
0
3
4
4
4
6
24
72
154
264
385
492
559
576
544
464
347
225
126
60
25
12
13
14
15
13
17
26
11
37
51
20
4
7
7
7
9
8
8
13
8
3
4
5
24
33
15
39
30
10
1
64
248
452
112
0
0
12
21
20
68
67
107
179
105
2
8
17
35
41
18
11
19
17
37
119
276
455
574
589
512
382
243
133
61
19
4
4
4
4
4
4
3
1
0
1
3
4
3
2
4
4
4
4
4
4
4
4
4
3
0
0
0
0
0
0
0
0
0
0
0
1
3
4
3
1
0
1
11
42
99
180
283
400
504
566
571
521
422
294
174
88
38
16
12
15
15
22
24
14
51
38
7
5
7
7
8
8
7
13
13
4
4
6
22
26
31
29
11
3
1
64
248
452
113
0
0
9
13
10
39
95
172
149
41
39
29
32
38
18
14
26
29
72
194
381
546
594
506
353
206
99
36
7
3
4
4
4
4
3
2
3
4
4
3
1
0
0
0
1
3
4
4
4
4
4
4
4
3
1
0
0
0
0
0
0
0
0
0
0
0
0
0
0
0
0
0
0
0
0
2
17
50
107
189
300
420
518
567
551
474
353
222
118
51
21
13
18
30
11
38
52
19
5
7
7
7
8
7
10
13
7
4
5
18
21
20
10
1
4
3
64
248
451
115
1
0
7
8
12
60
148
177
86
17
13
41
57
34
9
27
28
83
239
440
561
525
370
193
73
20
8
5
4
3
2
3
4
4
4
4
3
2
3
4
4
3
1
0
0
0
0
0
0
0
0
0
0
0
0
0
0
0
0
0
0
0
0
0
0
0
0
0
0
0
0
0
0
0
0
0
0
0
2
18
59
124
221
345
465
546
564
508
392
248
121
44
19
28
30
18
55
32
3
5
5
5
7
8
10
11
9
4
3
8
9
6
4
3
3
4
63
248
446
123
7
0
5
5
28
108
180
136
33
4
47
73
48
4
29
26
65
212
398
457
336
156
137
197
209
173
109
46
11
4
4
4
3
1
1
3
4
4
3
2
3
4
4
1
0
0
0
0
0
0
0
0
0
0
0
0
0
0
0
0
0
0
0
0
0
0
0
0
0
0
0
0
0
0
0
0
0
0
0
0
1
7
30
83
167
283
413
519
561
513
380
213
86
39
37
8
44
47
13
7
7
7
7
7
9
11
11
7
2
1
4
4
5
4
1
4
61
248
431
156
40
25
19
14
64
159
171
74
10
35
74
55
3
32
19
23
121
276
315
231
301
435
502
509
464
371
246
114
28
8
8
7
5
4
4
3
2
3
4
4
1
1
4
4
1
0
0
0
0
0
0
0
0
0
0
0
0
0
0
0
0
0
0
0
0
0
0
0
0
0
0
0
0
0
0
0
0
0
0
0
0
0
0
2
17
55
127
240
383
513
560
481
317
164
79
34
25
56
27
6
8
7
8
7
7
9
11
9
5
3
2
4
6
4
1
4
60
248
394
198
74
37
32
38
114
180
123
28
22
66
65
8
31
20
8
30
141
243
278
378
464
484
461
398
323
309
262
134
34
15
12
9
8
8
7
5
4
3
2
4
4
1
1
4
4
1
0
0
0
0
0
0
0
0
0
0
0
0
0
0
0
0
0
0
0
0
0
0
0
0
0
0
0
0
0
0
0
0
0
0
0
0
1
3
4
3
7
38
113
247
418
541
542
419
250
113
14
53
40
5
8
7
7
8
7
7
9
11
8
5
4
4
5
5
3
4
60
248
341
211
93
22
15
52
143
161
67
16
51
73
28
20
17
13
17
26
107
187
239
255
222
155
98
235
386
396
262
104
22
16
16
14
14
12
8
7
6
5
4
2
4
4
1
1
4
4
1
0
0
0
0
0
0
0
0
0
0
0
0
0
0
0
0
0
0
0
0
0
0
0
0
0
0
0
0
0
0
0
1
3
4
4
4
4
4
4
4
3
8
48
148
307
471
552
489
315
118
26
50
17
8
9
7
7
7
5
7
8
8
7
5
4
4
7
4
4
60
248
305
213
120
22
19
50
145
134
35
29
72
53
8
19
8
1
21
41
47
43
38
22
48
187
381
514
481
312
135
35
14
14
16
16
16
16
14
12
8
7
5
4
2
4
4
1
1
4
3
0
0
0
0
0
0
0
0
0
0
0
0
0
0
0
0
0
0
0
0
0
0
0
0
0
0
0
0
0
1
3
4
4
4
4
4
4
4
4
4
4
4
3
15
76
207
395
545
534
346
109
40
28
6
11
9
8
7
5
6
5
7
7
6
4
5
8
4
4
60
248
309
219
125
24
20
48
153
135
34
48
74
27
19
17
23
47
65
69
63
55
53
94
226
410
511
438
255
93
17
15
16
14
15
15
13
14
14
13
11
9
7
5
4
2
4
4
1
3
4
1
0
0
0
0
0
0
0
0
0
0
0
0
0
0
0
0
0
0
0
0
0
0
0
0
0
0
1
3
4
4
3
2
3
4
4
4
4
4
4
4
4
4
4
5
41
150
346
536
554
345
101
21
4
9
11
11
9
8
7
5
7
8
7
5
7
10
4
5
60
248
356
233
136
80
74
75
163
148
58
67
61
9
36
48
63
69
62
50
37
33
78
220
410
495
397
209
63
10
15
16
17
16
16
16
14
14
14
14
14
12
9
7
5
4
2
4
4
2
4
4
1
0
0
0
0
0
0
0
0
0
0
0
0
0
0
0
0
0
0
0
0
0
0
0
1
3
4
4
3
2
3
4
4
4
4
4
4
4
4
4
4
4
4
4
2
24
118
318
530
531
280
52
9
7
11
11
11
11
9
7
7
8
7
5
9
13
5
6
59
248
406
193
92
40
58
88
161
177
111
77
27
45
72
73
65
50
33
19
16
62
209
405
485
372
179
47
11
16
16
16
17
15
13
14
14
14
14
14
15
15
14
11
7
5
4
2
4
4
2
4
3
0
0
0
0
0
0
0
0
0
0
0
0
0
0
0
0
0
0
0
0
0
0
1
4
4
3
2
3
4
4
4
4
4
4
5
7
8
8
8
8
8
8
8
8
7
14
101
323
533
433
143
11
4
10
10
8
8
8
7
6
7
7
5
10
13
8
4
56
247
430
127
55
59
13
73
131
196
183
93
32
83
82
57
36
20
10
7
49
193
397
483
363
164
36
12
16
16
16
16
17
16
14
14
14
14
14
12
12
14
15
14
9
7
5
3
1
4
3
3
4
1
0
0
0
0
0
0
0
0
0
0
0
0
0
0
0
0
0
0
0
0
1
4
4
2
3
4
4
4
4
4
5
7
8
8
9
11
12
12
12
12
12
12
12
11
9
9
158
443
505
242
30
4
8
10
8
8
8
8
7
7
7
7
10
13
12
3
52
245
444
101
13
61
26
46
91
173
225
136
67
85
56
26
12
7
5
38
171
379
481
368
164
33
10
15
16
16
16
16
17
17
17
17
17
17
17
15
12
11
13
13
11
8
6
4
1
3
4
2
4
3
0
0
0
0
0
0
0
0
0
0
0
0
0
0
0
0
0
0
0
1
4
4
2
4
4
3
2
4
5
6
7
8
11
12
12
13
15
16
16
16
16
16
15
13
12
11
81
343
522
336
65
8
8
11
11
10
8
8
7
6
5
7
10
15
16
2
49
244
459
125
56
29
39
7
63
131
214
176
72
58
30
12
7
5
25
137
349
481
384
174
36
9
12
13
15
16
15
14
16
17
17
17
15
15
16
16
15
14
13
11
13
12
7
5
3
1
4
3
4
4
0
0
0
0
0
0
0
0
0
0
0
0
0
0
0
0
0
0
1
4
4
2
4
4
2
3
5
7
7
8
12
14
14
14
14
14
15
16
16
16
15
13
12
12
12
12
37
251
506
417
114
10
7
11
12
10
8
8
8
7
5
7
9
15
19
1
48
244
483
160
59
49
43
48
28
91
165
187
90
30
17
7
5
14
96
301
472
412
198
42
6
10
12
12
12
12
11
10
12
14
14
15
15
14
15
15
15
17
14
11
13
13
8
6
4
1
4
4
3
4
1
0
0
0
0
0
0
0
0
0
0
0
0
0
0
0
0
1
4
4
2
4
4
2
4
5
8
10
12
14
16
16
14
15
16
16
16
16
16
16
19
27
31
26
16
12
12
174
460
469
181
12
2
10
12
11
11
10
8
7
6
7
8
14
21
3
48
244
510
144
50
96
49
85
21
57
115
170
118
21
12
6
7
57
236
446
446
240
58
4
8
8
10
8
8
8
8
8
8
11
11
12
15
14
14
14
13
16
14
12
12
12
11
6
4
3
3
4
2
4
3
0
0
0
0
0
0
0
0
0
0
0
0
0
0
0
1
4
4
2
4
4
2
4
5
7
11
13
13
14
14
13
13
15
14
14
14
15
16
16
28
63
88
87
53
20
8
116
391
493
259
33
6
8
11
11
12
10
8
8
7
7
8
15
23
4
48
244
511
93
93
76
22
73
66
22
93
159
127
23
11
5
28
162
391
472
302
91
4
8
7
8
8
5
4
4
5
7
8
11
11
11
13
13
14
16
13
13
15
13
12
12
12
7
5
4
1
4
3
4
2
11
26
43
59
70
75
75
70
59
43
24
8
1
0
0
3
4
2
4
4
2
4
5
8
12
15
14
13
14
14
14
15
13
13
14
13
12
13
15
31
91
133
175
162
78
22
67
314
499
339
67
13
5
8
10
12
10
8
8
7
7
7
16
25
4
48
244
480
98
59
20
35
23
80
31
108
178
119
15
14
11
92
308
474
376
147
16
8
8
8
8
5
3
1
0
1
3
5
8
10
12
12
11
13
16
16
13
13
15
13
12
12
9
7
4
0
4
4
3
21
60
99
128
147
159
166
166
160
149
131
106
84
72
66
63
60
57
51
34
15
5
5
7
12
15
14
12
13
15
16
14
13
13
16
16
15
13
12
12
22
105
165
176
276
227
99
21
237
484
406
113
12
2
8
10
12
10
9
9
7
7
7
16
26
5
49
244
438
126
22
30
46
25
50
60
143
186
82
12
14
37
203
433
447
231
48
8
8
8
8
5
1
0
0
0
0
0
3
5
8
12
10
10
12
14
16
14
12
14
14
12
13
11
8
4
0
4
4
10
53
103
112
90
61
40
31
33
44
66
95
121
139
143
140
137
138
145
146
127
84
37
13
10
14
14
11
11
12
15
14
13
14
15
14
13
15
16
15
12
9
86
216
195
225
364
266
90
162
442
443
172
9
3
8
10
12
10
10
10
7
7
7
16
25
7
51
244
400
157
65
15
38
45
15
79
166
151
30
24
15
101
336
482
337
106
8
12
8
8
8
4
0
0
0
0
0
0
1
4
8
11
11
10
12
14
15
14
13
15
13
12
14
12
9
4
0
4
4
14
60
87
62
82
116
138
149
148
136
114
79
39
9
10
21
30
43
69
99
141
153
109
49
14
14
14
11
12
15
15
12
13
14
13
13
13
12
12
12
12
9
38
191
317
158
285
408
263
78
372
459
236
27
9
7
10
11
11
10
9
7
7
8
15
24
9
52
244
400
153
68
15
24
42
59
103
145
81
11
20
34
206
444
442
205
33
11
12
8
8
8
4
0
0
0
0
0
0
0
4
8
9
12
11
12
13
13
15
15
16
12
12
13
12
11
4
0
4
4
10
48
91
117
128
119
109
106
108
114
124
133
140
141
136
128
120
116
117
100
33
69
114
81
24
14
14
11
14
15
12
11
11
11
11
13
12
9
8
8
9
11
5
101
305
346
76
345
415
186
253
461
302
52
16
4
11
10
11
11
9
8
8
8
13
23
11
53
244
424
126
44
25
12
31
75
137
125
35
21
13
84
325
489
342
100
7
12
13
9
10
11
8
6
2
0
0
0
0
0
4
8
8
12
12
12
12
12
16
16
16
12
12
12
12
12
4
0
4
4
3
17
38
49
43
30
21
17
18
24
34
48
63
74
80
84
89
99
120
149
155
112
82
73
22
11
13
11
14
14
11
11
11
11
11
11
8
8
8
8
8
9
10
29
186
379
311
87
390
362
133
416
354
80
20
0
11
11
10
11
10
8
8
8
13
22
12
55
244
463
115
25
28
19
15
59
138
156
71
11
23
162
425
466
226
33
11
12
17
24
40
60
72
66
42
16
4
1
0
1
4
8
9
11
12
12
12
13
15
15
16
12
12
13
12
11
4
0
4
4
3
4
4
3
1
0
0
0
0
0
0
0
1
4
8
10
12
19
32
56
90
108
91
55
11
10
13
13
14
14
11
11
11
11
11
9
7
7
8
8
8
8
8
2
76
279
417
222
182
394
241
305
353
113
13
5
8
11
11
10
9
8
8
8
15
22
11
57
245
485
68
90
75
68
8
33
94
158
120
31
49
261
483
390
123
9
14
8
22
47
72
95
113
128
124
90
63
50
36
22
11
10
11
10
12
12
12
14
14
13
15
13
13
14
11
9
4
1
4
3
4
4
0
0
0
0
0
0
0
0
0
0
0
0
4
4
3
4
2
7
18
30
29
14
6
12
13
13
13
13
11
11
11
11
11
8
5
5
7
8
7
5
5
7
17
156
379
386
93
251
306
227
283
129
1
8
5
9
12
11
8
8
8
8
15
21
11
59
246
458
119
114
61
99
45
13
52
124
146
74
80
343
459
253
129
151
109
46
19
68
85
82
71
72
150
178
163
142
116
88
63
47
36
23
16
12
12
14
14
12
14
14
14
14
9
7
4
3
4
2
4
3
0
0
0
0
0
0
0
0
0
0
0
0
4
4
4
4
1
4
8
11
14
12
10
12
12
12
12
12
10
8
8
8
8
5
4
5
4
4
4
4
4
5
5
68
280
431
280
54
215
211
205
110
10
12
3
8
12
12
8
8
8
8
13
20
14
60
245
405
105
28
16
79
82
7
39
100
145
89
100
345
365
309
397
368
268
149
84
130
178
192
186
144
107
137
134
131
121
100
94
109
109
85
52
29
19
16
13
13
15
13
14
14
7
5
4
4
4
3
4
1
0
0
0
0
0
0
0
0
0
0
0
0
4
4
4
4
3
4
8
12
13
12
11
12
12
13
12
11
9
8
8
8
8
5
4
4
1
0
1
4
4
4
8
19
175
400
389
135
65
129
142
81
26
19
2
8
12
12
8
8
8
8
12
19
15
61
245
410
162
89
76
24
94
35
62
137
153
71
103
264
309
416
442
387
380
271
135
112
120
164
288
230
75
66
34
53
86
56
21
69
110
121
99
84
69
43
22
16
13
13
15
12
6
4
4
4
3
4
4
0
0
0
0
0
0
0
0
0
0
0
0
1
4
4
4
3
4
5
8
11
12
12
12
13
12
14
12
9
8
8
8
8
8
7
4
1
0
0
0
4
4
4
8
5
93
324
434
255
61
49
69
41
41
33
8
7
11
12
9
8
8
8
12
17
13
63
247
477
174
90
98
37
70
56
109
175
126
39
84
165
217
268
206
395
521
322
109
41
65
281
408
217
105
91
32
55
109
82
68
67
28
74
50
81
124
122
75
30
14
15
13
9
6
4
4
4
2
4
3
0
0
0
0
0
0
0
0
0
0
0
0
3
4
4
4
1
4
7
8
9
12
12
12
15
12
13
12
8
8
8
8
8
8
8
4
0
0
0
0
4
4
4
8
8
39
230
432
346
117
51
73
38
29
48
20
4
10
12
10
8
8
8
12
16
12
64
248
508
134
69
99
74
15
68
154
161
70
19
54
96
118
94
167
530
576
264
49
2
130
389
414
130
155
118
38
48
112
96
26
84
55
85
33
61
102
164
154
79
26
15
12
8
5
4
4
3
3
4
1
0
0
0
0
0
0
0
0
0
0
0
0
4
4
4
4
0
4
8
8
9
12
11
12
15
12
12
12
9
8
8
8
8
8
7
4
1
0
0
1
4
4
4
8
9
13
147
390
410
184
48
64
72
10
47
35
4
11
12
9
8
8
8
12
16
12
64
248
500
176
26
85
84
52
97
148
98
29
14
25
45
51
18
253
588
543
191
12
21
188
436
373
63
168
142
59
39
94
128
65
55
17
66
31
109
79
127
193
148
62
18
10
7
4
4
4
2
4
3
0
0
0
0
0
0
0
0
0
0
0
0
0
4
4
4
4
0
4
8
8
11
12
9
12
13
12
12
11
11
9
8
8
8
8
7
8
12
16
19
20
21
24
28
33
38
36
72
308
433
263
63
36
73
50
21
47
15
11
12
8
8
8
8
12
16
12
65
248
467
187
29
58
78
100
136
103
35
14
16
8
15
20
40
302
601
501
154
2
44
239
440
326
37
143
163
98
38
52
108
135
164
172
186
147
123
73
64
167
196
117
33
7
5
4
4
3
3
4
1
0
0
0
0
0
0
0
0
0
0
0
0
0
4
4
4
4
0
4
7
8
12
11
9
12
12
12
12
10
11
11
11
17
27
37
49
63
71
77
84
92
98
102
105
108
116
118
70
197
418
336
97
17
54
67
15
41
28
7
12
8
8
8
8
12
17
12
66
248
443
144
73
14
66
106
162
127
39
17
12
24
37
48
33
304
594
495
159
8
66
277
427
284
46
99
163
149
77
44
100
220
336
379
372
275
133
46
27
113
204
181
76
12
4
4
4
2
4
3
0
0
0
0
0
0
0
0
0
0
0
0
0
0
4
4
3
4
2
11
24
27
16
5
10
12
12
12
12
11
12
19
33
51
65
80
105
115
105
97
112
131
143
150
148
118
72
57
67
107
394
403
157
20
31
61
41
22
32
4
12
8
8
8
8
13
19
11
66
248
418
112
107
64
38
86
142
162
88
34
16
42
18
60
5
253
568
557
242
37
80
301
419
259
55
55
128
175
142
108
189
317
398
407
423
378
222
75
24
71
189
245
148
32
3
4
3
3
4
1
0
0
0
0
0
0
0
0
0
0
0
1
7
21
32
28
13
4
25
81
133
128
80
17
10
11
12
13
13
17
37
71
88
72
42
46
68
43
25
16
63
77
87
107
119
124
121
160
174
155
385
468
238
42
14
43
48
21
25
4
11
8
8
8
8
15
20
10
68
247
395
100
85
104
13
59
105
162
130
56
17
53
33
56
40
152
479
625
393
109
77
311
422
254
57
23
70
142
169
168
248
327
298
212
273
374
316
146
57
105
182
303
234
62
4
4
2
4
3
0
0
0
1
3
4
3
1
0
0
1
7
31
82
133
138
102
50
39
136
258
276
221
157
38
10
10
11
14
21
50
107
143
122
73
23
47
73
52
76
63
98
64
36
82
92
221
264
204
188
144
372
502
287
55
8
22
37
27
15
1
10
9
8
7
8
16
19
12
72
244
396
115
37
88
59
30
90
160
146
65
20
47
58
39
72
43
323
604
545
237
44
300
433
271
60
14
26
74
120
140
212
262
185
49
132
301
334
196
120
162
167
342
311
95
2
2
4
4
1
0
0
0
3
4
4
4
3
0
4
24
76
174
274
286
218
158
68
164
337
393
256
272
206
47
11
11
10
19
57
123
172
155
107
112
96
88
51
38
33
69
116
70
50
124
102
302
377
149
61
127
447
553
283
51
18
9
20
18
8
5
11
10
8
7
8
15
16
15
77
241
430
128
40
36
79
25
107
174
140
57
21
40
75
17
82
37
161
484
628
404
65
252
432
324
110
18
10
26
46
66
155
211
138
31
101
244
281
185
152
152
127
363
359
121
3
4
4
1
0
0
0
0
4
4
0
4
3
11
54
145
273
383
376
242
229
160
137
359
440
276
221
364
202
35
11
12
14
51
135
190
165
99
85
166
279
317
243
154
74
120
109
69
93
173
101
347
437
164
4
186
542
572
221
57
31
9
12
13
9
9
11
9
8
7
9
13
12
16
83
240
456
103
53
14
60
45
138
186
110
40
20
35
79
24
70
80
38
314
602
559
217
140
386
426
299
146
43
12
17
37
130
188
125
29
106
208
201
123
108
83
114
371
379
137
8
4
1
0
2
7
10
7
1
4
4
0
24
94
221
361
440
392
200
225
270
79
340
440
306
94
379
370
139
13
10
12
36
131
224
195
100
61
130
282
419
442
418
308
142
112
84
94
147
180
56
379
453
167
16
231
591
557
160
72
53
29
17
14
12
10
8
8
8
8
11
12
9
16
87
240
476
84
58
44
17
60
163
178
73
24
20
30
76
50
41
96
48
148
473
634
416
47
239
407
444
336
154
29
19
29
107
172
130
41
125
185
134
56
45
30
127
380
387
140
8
1
0
7
28
46
44
29
8
2
5
42
141
291
420
442
346
153
192
323
124
288
421
307
72
275
441
287
71
4
8
17
92
239
272
151
67
87
245
377
371
313
411
366
159
78
99
147
168
126
77
407
436
152
41
286
609
522
140
65
74
63
42
22
11
7
7
8
8
7
10
12
9
18
89
238
499
71
66
54
29
27
127
160
56
16
20
29
72
60
10
82
97
21
292
588
589
292
9
195
345
394
247
65
19
19
72
148
143
90
147
158
86
24
16
15
145
396
388
130
4
0
5
46
110
122
97
58
15
14
65
186
348
449
412
274
110
121
301
200
217
390
290
103
126
387
415
189
28
5
7
35
174
328
266
136
106
154
338
372
217
133
337
350
170
98
154
169
131
49
166
429
391
116
103
384
618
451
117
35
51
55
45
24
9
7
8
8
8
7
7
10
11
24
91
233
516
84
71
59
62
189
307
359
202
39
14
31
68
56
33
39
109
67
117
421
635
531
234
158
339
399
261
76
16
13
36
101
139
132
141
109
45
17
13
21
180
419
371
107
7
2
38
144
216
165
157
85
9
80
219
383
453
369
204
72
48
208
227
148
331
273
113
25
238
435
346
108
6
4
5
68
259
372
225
132
144
209
357
297
85
139
298
295
165
153
172
125
72
27
259
454
321
42
246
532
596
335
70
17
33
39
35
18
3
7
7
5
7
7
7
7
12
30
93
228
513
162
53
60
173
372
419
526
418
139
16
33
67
46
41
13
86
117
18
204
497
641
453
241
405
379
199
53
14
14
13
41
80
95
84
48
20
17
16
49
244
441
327
73
12
22
126
276
238
169
217
76
79
236
400
445
328
155
43
12
104
188
119
241
242
103
19
85
331
445
257
52
4
2
7
111
328
375
173
91
126
205
308
214
15
180
258
199
130
138
111
56
29
73
353
463
216
134
456
629
478
189
18
42
63
58
38
15
7
7
5
5
7
7
7
7
13
34
97
223
474
231
17
62
265
358
184
433
538
293
61
37
71
42
31
41
33
118
85
47
264
537
582
284
300
292
113
21
13
12
10
6
14
20
16
11
15
17
16
102
337
450
253
34
20
81
264
352
142
275
218
35
230
401
438
302
124
24
2
33
118
112
144
192
94
17
11
149
401
417
171
18
4
4
18
153
368
354
130
40
62
154
241
157
53
204
212
108
66
65
40
20
3
164
431
411
61
367
615
557
275
60
25
63
63
34
16
10
15
9
6
4
7
7
7
7
15
40
102
216
418
239
100
108
254
235
111
208
485
460
208
36
67
42
22
51
60
100
93
26
87
298
517
444
153
234
187
68
12
12
12
12
12
12
12
12
13
14
34
199
432
416
158
11
53
195
386
286
184
351
121
190
392
437
298
114
17
2
4
41
94
94
134
84
15
6
32
227
438
352
106
3
1
4
33
185
372
304
102
111
125
180
247
164
106
207
160
53
22
20
14
10
61
289
459
250
230
577
603
352
93
25
60
67
48
10
8
14
18
8
4
3
7
7
7
7
17
45
101
210
376
186
151
189
199
138
159
42
298
530
416
161
38
38
27
59
88
80
49
41
17
87
290
451
359
94
159
169
84
20
13
16
15
13
12
12
13
15
106
337
478
305
35
77
141
333
412
109
333
301
94
368
443
311
120
18
5
10
24
51
83
83
66
18
5
12
62
312
448
260
58
20
5
1
41
192
327
262
300
388
411
418
415
280
158
178
103
24
12
12
12
21
173
402
365
90
507
627
422
147
17
91
97
60
24
3
13
13
17
9
5
6
7
8
7
7
20
45
95
207
373
121
142
234
157
58
93
147
75
378
438
253
47
24
20
34
14
55
160
225
203
101
53
243
380
332
106
113
173
120
52
13
12
14
14
14
14
65
251
453
388
88
187
223
255
414
320
160
391
144
281
445
337
135
21
4
4
22
52
66
77
40
13
4
3
9
100
378
426
161
52
52
18
1
38
165
249
240
357
396
379
402
450
313
140
111
46
14
14
15
12
101
316
396
103
420
626
470
197
11
98
151
111
73
22
5
12
10
16
12
6
5
5
8
5
9
25
40
84
208
393
87
137
235
119
32
75
146
128
292
364
267
78
16
13
41
58
169
319
409
454
362
164
21
189
331
335
163
52
170
173
128
85
52
28
25
74
217
389
369
132
316
357
266
266
388
158
308
340
126
411
372
166
27
5
4
8
42
69
39
64
34
6
4
4
7
148
404
359
99
65
77
27
20
27
127
175
10
145
92
124
297
374
233
53
34
13
15
17
16
54
234
372
170
333
602
496
232
36
78
173
191
129
126
64
15
10
10
15
13
5
5
5
7
4
11
30
24
65
229
410
62
125
194
102
70
82
123
193
234
287
261
89
28
18
28
43
175
349
339
436
560
425
195
11
145
290
344
246
64
89
170
185
159
125
128
200
294
255
172
422
457
272
146
230
303
46
351
222
287
403
216
46
5
4
7
18
58
57
24
68
32
5
7
9
26
201
386
253
110
107
94
31
94
99
105
246
252
380
441
456
444
342
163
32
13
15
17
16
36
182
332
204
262
564
499
250
60
49
152
242
236
187
207
127
33
9
8
14
16
7
8
5
7
5
12
34
8
67
262
440
87
84
130
103
94
99
134
129
132
265
262
78
52
29
7
17
142
377
400
145
456
590
458
237
52
93
235
333
329
241
134
53
40
50
75
117
148
283
467
458
239
238
62
280
209
144
302
135
345
285
82
8
7
5
5
25
62
27
54
56
15
7
8
12
46
255
345
132
127
194
109
80
189
218
163
267
307
280
376
368
288
170
67
18
13
15
12
47
176
315
215
188
510
482
249
67
15
94
223
323
292
233
288
190
51
7
7
14
18
7
8
4
6
5
15
39
32
91
275
498
137
80
68
53
63
98
94
54
139
293
229
43
60
39
12
10
76
297
496
347
118
465
582
491
299
115
28
150
256
329
353
322
260
211
207
263
359
428
365
166
242
230
149
297
109
206
210
182
297
143
16
6
5
4
7
34
56
5
58
35
4
4
4
14
60
298
294
67
123
276
127
133
291
258
300
155
330
192
95
112
79
39
17
13
12
20
85
199
295
200
156
471
462
243
63
24
68
124
275
384
264
219
356
230
59
8
8
13
18
7
7
4
5
7
20
40
41
98
275
552
117
64
70
22
55
68
41
49
217
279
152
15
57
44
13
7
25
161
417
506
241
148
405
525
518
385
208
65
37
116
177
219
243
256
268
280
268
202
84
193
273
99
213
209
41
201
144
219
188
43
7
5
5
7
15
44
43
20
52
23
4
4
4
17
75
312
227
100
153
330
135
142
374
292
303
270
164
274
164
60
21
5
2
26
72
143
221
235
101
221
463
451
243
69
10
72
108
117
253
402
200
224
401
242
58
8
7
12
18
5
7
1
4
9
25
41
39
111
269
568
60
17
52
68
103
62
48
138
265
199
82
11
50
47
17
7
7
66
273
500
437
114
151
284
428
528
485
342
197
101
44
18
35
54
62
47
2
88
224
341
260
87
200
104
46
141
147
177
83
12
7
8
8
8
21
52
26
39
43
13
7
8
9
15
96
295
148
120
223
366
125
127
371
415
184
366
245
119
170
134
103
93
98
129
167
169
100
111
329
463
407
227
69
2
44
110
115
48
177
413
261
221
408
237
53
7
7
11
17
4
7
2
4
12
32
53
60
98
205
557
65
42
74
117
137
98
119
234
224
95
46
20
38
51
23
9
5
18
135
385
511
297
36
120
135
288
480
554
495
388
306
269
258
255
255
269
316
404
503
487
269
247
219
61
42
113
144
93
24
12
10
11
12
12
26
53
10
51
33
10
12
12
12
7
114
256
91
109
292
391
108
126
329
460
280
230
376
289
153
43
48
100
109
72
39
142
283
395
410
307
158
48
10
48
114
199
183
106
59
382
328
188
395
223
47
8
7
10
15
4
5
3
4
16
39
69
50
32
175
532
62
51
96
120
163
111
202
230
121
22
33
33
21
55
33
11
8
7
47
229
471
451
136
102
84
22
106
339
517
579
580
576
576
575
573
572
576
580
537
349
266
375
202
56
80
112
96
55
19
10
11
10
11
14
31
48
5
51
25
11
12
12
11
8
116
206
84
77
346
402
103
126
315
453
361
122
221
312
307
253
202
166
164
211
288
347
346
281
177
76
10
29
60
87
154
267
257
269
134
286
351
159
371
201
36
7
7
11
12
4
4
2
5
19
44
71
25
109
221
495
76
89
126
79
187
157
174
124
35
7
25
45
9
55
43
13
7
8
14
102
338
510
348
17
168
72
123
97
105
305
437
495
510
512
510
496
457
382
246
152
434
408
138
53
104
53
87
67
15
10
11
11
9
14
37
34
18
43
18
9
11
11
10
14
104
153
85
68
383
403
114
104
299
461
424
219
34
101
168
219
265
297
306
290
253
195
127
65
18
15
43
72
86
75
115
264
181
225
266
163
339
138
335
170
21
7
8
8
9
4
3
3
8
23
38
52
104
113
250
430
198
183
188
29
199
232
111
34
30
12
20
50
15
49
48
18
5
5
7
34
183
432
501
233
111
206
56
162
230
183
88
69
117
148
159
154
133
92
59
310
499
336
80
50
91
17
103
55
9
9
9
11
12
19
40
17
32
32
11
12
12
12
12
19
89
102
78
106
411
401
125
52
218
436
536
446
266
112
17
47
92
119
124
103
62
11
32
45
42
55
76
80
61
30
59
238
274
178
297
86
308
121
291
135
12
8
7
5
6
4
0
2
9
30
13
107
223
183
343
345
249
229
267
76
213
271
87
41
37
12
15
47
27
36
51
27
8
4
5
9
73
277
500
442
106
179
146
46
67
225
330
328
256
170
105
63
43
44
159
415
478
239
51
53
57
45
84
34
10
11
11
10
11
18
35
3
37
22
10
11
9
9
11
23
74
62
70
149
435
400
129
11
92
264
467
574
525
376
216
104
78
109
137
152
168
186
182
148
99
78
71
46
16
5
24
136
243
199
251
72
265
117
237
104
9
7
5
4
3
4
2
1
13
37
27
216
301
273
501
217
132
190
316
137
230
252
55
43
32
12
8
38
40
17
55
38
12
5
5
5
21
133
376
516
296
158
97
84
169
134
68
250
358
374
339
293
252
227
285
471
421
152
35
55
23
50
54
18
12
12
12
12
11
13
26
9
29
16
12
12
12
12
13
25
63
44
60
183
454
400
132
4
18
81
217
397
522
515
385
225
257
380
456
485
474
400
273
169
85
48
32
7
7
13
13
50
128
151
169
64
207
123
171
75
5
5
4
1
3
4
1
4
21
33
79
304
318
185
601
153
44
136
296
184
163
162
175
133
45
6
1
29
49
7
51
45
17
7
5
5
7
45
213
453
406
193
149
194
129
266
309
189
10
160
278
339
343
311
320
429
319
77
21
52
7
54
40
14
14
13
13
14
13
10
13
8
15
11
12
12
12
12
13
24
51
45
48
207
466
402
135
7
3
7
45
140
278
378
328
162
380
517
539
500
390
274
231
159
49
5
4
10
13
11
8
15
44
77
93
49
145
126
104
47
2
4
1
1
4
3
1
8
29
23
125
336
284
113
627
155
35
75
226
186
52
235
310
272
155
29
7
19
50
25
37
51
25
9
7
6
5
11
86
300
412
223
166
277
324
88
257
359
363
293
195
117
87
30
182
338
221
27
13
46
6
53
33
12
13
15
15
13
13
12
6
3
8
11
12
12
12
12
14
22
45
54
40
221
470
409
137
18
45
67
96
203
369
442
288
104
401
343
148
140
283
379
309
143
30
8
9
13
12
10
8
9
18
36
52
33
85
110
61
22
2
1
1
4
4
1
3
13
36
18
142
316
246
239
589
159
31
35
165
233
225
233
217
293
248
80
2
9
41
41
14
53
34
11
7
5
5
5
25
146
321
266
166
231
451
306
45
152
252
330
377
392
366
287
325
367
180
19
25
42
16
51
26
11
12
12
12
13
15
15
13
12
13
15
16
16
16
16
16
24
48
60
48
224
468
421
140
43
109
179
277
416
509
435
214
252
407
264
250
416
491
386
187
47
6
6
8
9
7
7
7
7
12
29
52
52
37
80
53
11
1
3
4
4
1
0
5
22
34
15
126
221
235
283
468
161
35
38
178
289
249
139
49
254
282
116
9
1
27
49
10
47
44
16
5
5
7
7
8
50
190
255
177
185
432
466
209
24
46
96
144
169
160
219
440
417
151
24
41
33
31
47
19
14
13
12
13
14
13
13
15
16
16
16
15
13
13
15
15
32
53
50
65
219
465
438
149
51
136
231
386
499
441
267
114
283
376
206
248
399
357
164
27
10
3
7
8
8
7
7
7
7
7
21
55
71
15
64
61
16
4
4
3
1
0
1
10
32
14
94
165
56
127
163
330
163
39
45
196
287
208
119
58
233
286
127
13
4
16
47
29
31
50
26
8
6
7
7
5
12
82
175
168
164
352
537
369
115
14
0
3
12
68
266
510
419
110
22
48
22
45
41
15
13
13
14
13
12
12
12
12
12
12
12
12
12
12
12
12
36
55
22
68
206
461
461
169
43
174
342
433
364
207
72
92
319
369
106
253
357
211
35
16
6
7
8
8
8
8
8
8
8
8
18
56
72
12
68
57
12
4
1
0
0
0
4
17
36
24
168
161
104
101
25
280
163
40
46
196
279
184
86
84
247
280
115
20
10
8
37
43
8
49
36
11
4
5
5
5
6
25
77
109
131
257
519
509
245
53
4
1
22
102
311
517
379
70
14
51
16
52
38
13
12
12
12
12
12
12
12
12
12
12
12
12
12
11
10
10
34
54
6
58
182
456
486
194
45
244
461
444
215
50
48
216
449
380
123
402
342
114
10
9
7
8
8
8
8
8
8
7
7
8
19
55
60
21
68
41
5
1
0
0
0
1
8
26
30
60
185
115
75
174
191
348
161
39
38
186
312
239
105
122
265
245
83
38
24
4
25
48
14
39
44
18
2
4
5
6
5
6
17
37
65
141
409
565
400
139
20
2
32
140
357
502
325
48
9
51
12
54
36
13
12
12
13
14
13
12
12
12
12
12
12
12
12
12
12
12
31
49
5
45
152
443
509
214
124
386
518
356
112
22
63
286
459
169
351
481
238
31
16
3
7
8
8
8
8
8
8
7
5
7
20
53
45
28
60
26
1
0
0
0
0
3
13
32
11
94
167
126
153
268
317
509
158
40
27
189
396
357
200
277
306
230
85
14
31
18
10
43
34
18
49
29
7
4
4
4
5
5
2
18
32
36
247
502
520
275
66
7
44
176
398
478
266
36
14
50
9
53
33
13
12
12
12
12
12
12
12
12
12
12
12
13
14
14
14
13
27
43
4
35
126
414
519
222
236
493
464
217
45
11
74
331
398
138
487
375
94
18
10
5
7
8
8
8
8
7
5
4
3
6
25
51
31
33
52
20
0
0
0
0
1
7
22
29
52
196
261
271
286
244
274
631
152
43
34
217
443
396
135
314
396
359
251
108
10
24
10
25
44
6
44
40
14
5
4
4
4
4
4
10
26
22
108
355
548
428
162
23
53
204
429
455
217
28
22
49
10
52
29
10
11
11
9
9
11
12
13
15
15
13
12
12
12
12
12
11
20
35
6
27
105
370
506
218
342
519
341
100
13
14
93
349
293
271
447
205
14
17
7
8
8
8
8
7
5
3
1
0
1
8
33
51
15
40
45
15
0
0
0
0
3
13
31
3
169
362
401
348
244
123
192
681
148
43
83
248
378
379
179
163
366
429
411
308
160
46
8
17
36
24
29
47
23
5
3
4
4
4
4
2
7
10
32
197
467
533
306
75
59
223
451
440
181
21
28
48
11
53
27
7
9
10
9
8
9
11
12
12
11
9
8
8
9
10
9
8
13
24
10
17
82
317
471
211
402
464
209
36
7
10
109
318
190
341
326
77
19
8
6
7
7
7
5
3
1
0
1
3
4
13
41
51
5
49
37
9
0
0
0
1
7
21
30
60
301
454
355
213
117
46
182
692
183
110
176
266
227
291
346
136
193
360
442
466
404
275
143
59
40
37
19
52
39
14
5
4
4
4
4
3
1
0
5
82
318
535
452
181
55
235
465
433
156
14
31
47
12
54
25
7
8
8
8
8
8
8
8
8
8
8
8
8
8
8
8
8
10
13
6
8
56
260
417
203
400
367
112
12
7
2
111
243
161
309
181
11
18
3
7
7
5
4
1
1
3
4
4
4
4
18
48
43
20
54
27
10
30
54
54
31
17
29
8
153
399
441
223
48
91
70
191
684
290
239
268
260
98
120
381
384
100
171
298
398
474
486
425
316
211
133
54
24
50
38
24
17
12
9
7
5
4
3
1
22
170
435
533
325
77
233
472
428
139
10
31
44
12
52
24
8
7
7
7
8
8
8
8
7
7
7
8
8
8
8
8
8
8
7
2
4
33
201
351
187
356
262
54
6
7
8
88
162
176
211
68
22
9
6
5
4
4
4
4
4
4
4
3
1
5
27
52
26
36
48
27
62
149
199
186
121
48
30
52
272
434
339
115
80
115
72
187
674
421
260
199
158
69
102
239
463
280
27
113
189
279
388
474
500
473
410
308
181
80
16
23
38
38
31
24
18
15
12
8
7
69
283
508
454
177
204
469
425
130
8
26
39
11
46
20
8
7
7
7
8
8
8
8
8
8
8
8
8
8
8
8
8
8
8
7
6
16
141
278
185
289
165
22
6
7
12
58
120
144
97
8
17
3
6
5
4
4
4
4
3
1
0
0
1
12
36
48
5
48
54
89
193
285
256
241
208
89
8
153
378
397
188
67
112
94
42
175
669
517
155
59
82
25
162
104
375
338
153
2
71
93
139
231
341
438
502
520
476
380
268
162
79
21
19
39
43
36
31
27
20
30
148
393
509
316
149
450
423
129
8
16
31
20
34
14
8
8
8
8
8
8
8
8
9
10
9
8
8
8
8
8
8
8
8
8
8
10
81
194
184
199
87
11
8
7
17
48
80
69
26
18
8
4
4
4
4
3
1
0
0
0
0
0
3
17
42
38
20
76
127
211
275
239
83
246
248
97
55
278
430
302
63
50
62
38
11
169
668
578
89
136
78
74
125
99
228
298
265
123
15
51
39
46
92
170
271
382
469
506
500
461
384
282
180
97
37
10
35
46
47
42
77
250
464
440
146
408
420
131
11
7
14
18
17
7
5
5
7
8
8
8
8
8
8
8
8
8
8
8
8
8
8
8
8
8
8
7
32
99
128
101
33
7
8
7
21
50
34
27
38
17
2
3
1
0
0
0
0
0
1
3
4
4
8
28
50
26
52
142
229
260
200
63
160
312
230
49
160
388
406
191
36
60
37
11
0
167
668
624
85
211
36
120
37
56
90
223
305
247
78
33
47
22
8
20
55
112
191
288
385
464
504
505
472
408
318
220
134
71
24
15
45
136
344
483
266
336
410
134
25
19
13
10
12
12
12
12
12
11
9
8
8
8
8
8
8
8
8
8
8
8
8
7
5
4
5
6
10
25
36
24
7
3
4
5
21
50
24
34
40
11
3
4
5
7
8
9
11
12
13
15
17
21
29
38
34
32
133
236
274
210
104
55
205
269
152
49
294
442
317
98
44
67
50
18
6
165
670
659
85
229
85
105
48
52
7
121
210
238
166
35
41
41
17
2
1
5
23
61
115
187
279
375
455
499
509
494
450
379
292
204
129
55
141
375
351
273
374
135
41
42
41
39
36
34
34
32
28
24
21
20
19
17
16
16
16
16
16
16
16
16
15
12
9
8
8
9
10
9
3
8
7
9
11
12
20
40
20
29
33
15
19
20
21
24
27
29
33
40
45
41
27
7
25
70
138
227
311
334
270
158
76
104
209
300
229
192
410
411
197
36
34
62
58
32
22
165
678
673
154
198
139
56
73
28
41
183
206
124
151
126
16
43
34
11
1
0
0
1
5
21
56
106
172
252
341
425
483
507
505
488
449
380
261
162
200
152
282
124
10
28
45
50
49
47
44
42
42
42
43
43
41
39
37
36
36
36
35
33
32
32
31
29
28
28
27
26
26
24
22
25
30
33
35
35
33
35
19
24
37
39
41
44
47
48
45
33
13
8
31
67
117
177
246
313
365
394
380
306
196
85
51
59
172
334
356
310
424
299
90
8
24
49
54
47
51
173
699
663
221
159
156
13
50
62
84
211
192
70
38
165
123
9
41
27
7
0
0
0
0
0
0
2
15
45
87
139
204
284
366
438
487
505
493
422
304
234
312
291
230
171
122
86
61
39
17
10
30
46
53
52
49
47
45
44
44
44
44
44
44
44
44
44
44
44
44
44
44
44
44
44
45
46
46
48
49
46
36
34
38
27
9
7
22
42
72
112
160
218
280
329
359
374
381
375
344
288
210
125
48
60
44
59
111
209
305
270
287
163
32
4
17
37
49
63
85
190
741
632
254
105
141
43
19
27
132
237
210
55
102
115
219
146
45
21
12
2
0
0
0
0
0
0
0
0
1
7
25
58
100
147
207
279
350
396
397
398
445
483
491
481
454
407
351
296
247
202
161
127
103
87
73
60
48
36
25
15
5
10
19
23
26
30
32
32
31
27
21
16
12
6
2
10
19
28
38
52
68
85
106
133
169
210
255
300
338
361
371
381
388
379
348
297
236
175
122
79
41
11
71
85
14
105
79
73
151
127
106
117
66
12
14
31
57
90
115
204
798
584
242
84
76
85
147
173
223
282
238
101
194
134
235
310
233
140
80
41
15
2
0
0
0
0
0
0
0
0
0
0
1
7
25
56
93
127
161
212
282
354
417
467
498
506
500
492
488
487
483
470
443
408
372
337
306
280
256
231
201
168
145
135
128
122
120
121
124
129
136
144
153
165
180
197
217
241
269
299
328
353
367
372
374
379
387
394
386
360
321
272
217
164
122
87
54
26
8
0
11
56
104
45
81
101
41
12
48
62
7
97
120
59
10
29
72
116
135
221
861
563
177
29
22
186
311
382
370
342
246
147
263
265
181
293
326
311
273
206
133
71
29
8
1
0
0
0
0
0
0
0
0
0
0
0
1
4
13
34
65
97
129
162
203
253
304
353
398
440
474
499
509
507
501
494
489
482
467
444
415
390
375
371
370
371
372
372
372
371
369
368
369
371
372
373
377
381
386
393
398
394
378
352
320
282
243
201
161
127
100
72
44
21
7
1
0
0
0
7
30
68
68
55
104
60
24
14
7
47
63
19
121
119
47
33
83
117
118
230
921
613
196
123
107
265
318
335
334
268
153
149
309
350
161
113
177
244
312
345
323
256
177
115
68
32
10
1
0
0
0
0
0
0
0
0
0
0
0
0
0
0
1
7
21
43
69
95
119
140
161
187
218
250
281
308
328
334
326
319
320
331
344
353
359
363
364
363
360
356
351
344
335
323
309
294
276
256
232
207
181
155
133
115
97
78
57
34
16
5
1
0
0
0
0
0
0
0
4
28
45
27
166
249
189
75
8
30
18
15
64
62
47
138
106
57
92
127
98
220
964
676
187
144
98
235
307
151
102
85
46
166
339
364
156
34
14
57
131
238
323
361
358
320
259
191
132
89
53
23
7
1
0
0
0
0
0
0
0
0
0
0
0
0
0
0
0
0
0
1
4
10
22
36
49
54
52
60
66
66
72
91
108
116
119
120
120
120
119
117
115
112
107
100
93
86
76
64
51
36
22
10
4
1
0
0
0
0
0
0
0
0
0
0
0
1
10
34
76
114
79
146
280
295
274
211
94
36
52
17
29
76
39
89
144
97
98
142
112
211
985
709
165
65
51
156
310
211
55
4
48
193
358
338
124
32
21
66
73
48
125
215
290
336
361
366
340
289
228
167
120
85
51
23
7
1
0
0
0
0
0
0
0
0
0
0
0
0
0
0
0
1
8
21
45
78
108
116
97
62
28
8
1
0
0
0
0
0
0
0
0
0
0
0
0
0
0
0
0
0
0
0
0
0
0
0
0
0
0
0
0
1
7
22
49
86
132
199
266
253
185
288
296
135
176
241
178
48
76
43
3
48
77
7
131
141
121
150
123
206
993
710
164
22
52
142
253
213
72
12
83
230
360
300
91
27
5
58
89
60
12
26
69
130
203
274
322
347
363
362
333
284
227
171
129
99
69
38
16
5
1
0
0
0
0
0
0
0
0
1
5
16
37
66
98
115
106
77
41
15
2
0
0
0
0
0
0
0
0
0
0
0
0
0
0
0
0
0
0
0
0
0
0
0
0
0
0
1
10
28
55
84
117
164
228
295
354
391
369
275
313
380
291
68
174
273
189
22
72
48
8
18
66
57
68
162
164
163
124
204
996
694
176
73
187
258
252
173
58
25
121
250
336
265
73
35
8
45
83
69
26
14
14
4
21
52
104
166
234
295
330
348
365
368
347
306
258
205
159
127
103
80
53
29
12
4
1
1
4
13
30
57
89
111
112
89
53
24
7
1
0
0
0
0
0
0
0
0
0
0
0
0
0
0
0
0
0
0
0
0
0
1
5
15
32
56
80
106
139
184
237
291
338
374
388
382
361
314
219
229
409
414
278
54
207
275
130
43
68
35
8
4
37
77
9
139
208
185
118
203
991
698
260
238
285
245
173
94
28
34
129
242
319
267
75
50
19
36
77
76
30
1
0
5
12
16
8
10
30
61
110
169
235
291
322
337
354
369
369
348
315
276
233
191
155
131
116
105
98
100
112
125
123
101
66
33
11
2
0
0
0
0
0
0
0
0
0
0
0
0
0
0
0
1
5
15
27
42
59
76
92
109
130
158
197
240
284
329
367
385
383
375
364
337
280
211
144
86
67
268
441
402
269
63
215
275
94
39
37
15
5
4
13
63
62
82
225
211
119
201
978
766
403
294
204
102
47
21
7
27
110
234
342
321
108
56
32
28
68
81
44
5
3
0
0
1
4
9
16
18
8
11
28
51
90
139
197
257
303
324
332
343
362
377
378
367
361
356
344
328
309
276
229
183
147
125
115
109
104
100
96
93
92
92
92
92
93
96
100
104
108
112
118
128
142
162
186
214
243
273
305
336
364
383
388
382
375
369
355
319
266
207
153
103
63
34
11
7
77
304
445
364
254
81
195
272
103
24
24
8
4
4
5
36
79
20
201
235
129
200
960
879
448
192
68
11
6
7
3
9
67
187
334
370
168
40
40
17
57
83
57
12
4
1
0
0
0
0
0
1
4
10
18
20
12
4
20
36
58
91
127
172
224
275
320
366
414
453
472
472
457
433
411
395
380
365
352
340
329
320
312
306
303
301
301
304
308
312
317
325
336
348
362
377
387
391
389
384
376
370
368
366
360
341
306
259
211
165
119
81
56
35
15
5
7
5
3
5
93
347
451
326
233
104
160
280
181
39
21
17
7
5
8
12
65
38
151
245
139
198
941
950
375
75
7
11
18
20
15
4
49
155
284
348
227
41
34
21
39
80
67
21
2
4
1
0
0
0
0
0
0
0
0
0
1
5
14
22
24
16
5
19
37
65
116
183
238
268
290
305
314
325
340
353
360
363
364
364
364
364
364
364
364
364
364
364
364
364
364
364
364
365
366
364
356
339
314
284
252
218
185
152
120
91
69
52
35
17
5
9
8
4
1
0
0
0
1
6
137
397
451
296
211
122
103
254
277
173
44
15
13
7
8
8
43
61
98
232
157
192
925
931
341
152
91
36
22
20
24
19
89
180
225
245
246
160
44
17
32
66
66
29
3
4
4
4
3
1
0
0
0
0
0
0
0
0
1
3
4
3
8
24
52
91
126
139
117
83
66
64
66
72
80
90
105
119
132
144
155
164
172
178
181
183
183
180
176
172
167
159
148
136
123
107
92
80
69
60
51
40
27
13
6
11
13
9
5
3
1
0
0
0
0
0
0
0
3
29
208
445
444
278
186
103
26
127
211
216
102
7
21
8
8
8
24
61
36
192
190
173
907
829
401
318
261
157
58
20
18
46
148
203
159
116
186
233
195
113
55
63
63
33
7
4
3
4
4
3
0
0
0
0
0
0
0
0
0
1
5
18
48
92
137
158
143
101
51
16
4
8
12
15
16
14
8
3
5
11
16
20
24
27
28
28
28
28
27
24
20
16
12
7
4
8
14
16
15
12
8
5
3
1
0
0
0
0
0
0
0
0
0
0
0
0
0
0
2
71
297
484
422
257
148
40
90
177
216
204
100
8
22
8
8
8
11
47
29
135
208
152
877
692
264
239
304
300
205
92
18
69
170
178
91
34
80
162
225
235
201
157
112
55
10
17
18
12
8
5
2
3
4
3
1
0
0
0
1
11
34
74
122
154
152
116
68
30
8
1
0
0
0
0
0
0
0
0
0
0
0
0
0
0
0
0
0
0
0
0
0
0
0
0
0
0
0
0
0
0
0
0
0
0
0
0
0
0
0
0
0
0
0
0
0
0
1
2
19
149
384
478
367
217
98
35
181
255
239
154
42
18
17
8
8
10
11
39
66
66
184
135
836
662
158
46
158
274
320
238
85
60
172
183
98
31
20
48
106
175
233
264
255
202
121
45
34
55
50
28
8
4
4
4
3
0
1
5
20
54
100
142
157
133
86
40
13
2
0
0
0
0
0
0
0
0
0
0
0
0
0
0
0
0
0
0
0
0
0
0
0
0
0
0
0
0
0
0
0
0
0
0
0
0
0
0
0
0
0
0
0
0
0
1
4
4
15
56
138
292
432
397
291
194
71
73
229
242
110
22
20
19
8
7
8
10
12
29
74
9
132
121
791
679
116
41
20
99
236
289
166
13
140
202
176
104
44
17
20
51
109
186
259
299
283
206
118
114
136
107
65
35
16
7
4
2
12
36
78
127
155
146
107
57
21
4
0
0
0
0
0
0
0
0
0
0
0
0
0
0
0
0
0
0
0
0
0
0
0
0
0
0
0
0
0
0
0
0
0
0
0
0
0
0
0
0
0
0
0
1
3
5
4
12
41
89
161
260
364
441
421
293
218
178
74
60
225
270
120
13
29
14
8
9
11
11
12
14
63
46
78
111
749
690
103
48
90
154
202
254
181
39
73
152
202
193
143
88
44
18
20
52
110
180
247
297
260
144
158
172
154
125
91
62
41
27
47
98
145
156
127
79
35
10
1
0
0
0
0
0
0
0
0
0
0
0
0
0
0
0
0
0
0
0
0
0
0
0
0
0
0
0
0
0
0
0
0
0
0
0
0
0
0
0
0
0
1
4
9
15
15
18
72
151
239
327
397
433
435
413
350
257
192
143
62
29
165
279
206
43
29
19
9
10
11
11
11
10
50
86
40
105
711
704
125
61
114
175
222
226
142
37
21
68
133
187
205
182
129
72
45
48
53
91
245
384
314
114
68
110
142
162
169
159
133
104
118
159
155
108
55
20
4
0
0
0
0
0
0
0
0
0
0
0
0
0
0
0
0
0
0
0
0
0
0
0
0
0
0
0
0
0
0
0
0
0
0
0
0
0
0
0
1
4
9
15
20
24
30
35
28
113
274
410
470
466
417
333
255
246
243
200
153
97
35
17
86
213
270
166
32
24
14
12
13
11
11
11
47
110
31
104
679
721
150
37
64
159
183
146
89
41
8
14
46
94
146
180
170
139
149
155
124
222
411
417
225
44
12
13
41
79
118
147
163
167
170
161
108
55
31
22
19
15
9
4
1
0
0
0
0
0
0
0
0
0
0
0
0
0
0
0
0
0
0
0
0
0
0
0
0
0
0
0
0
0
1
3
5
9
15
20
23
26
33
40
42
38
26
10
42
216
414
476
454
376
268
168
110
177
196
108
49
13
30
62
70
93
186
194
72
22
22
14
14
11
9
8
47
120
45
112
655
731
166
37
7
118
233
278
238
138
41
2
7
21
57
117
143
161
187
156
218
437
485
295
84
6
16
16
13
7
11
40
77
105
104
80
40
26
32
38
39
36
30
24
22
22
21
18
13
8
5
3
1
0
0
0
0
0
0
0
0
0
0
0
0
0
1
3
5
8
12
16
20
23
24
24
26
32
38
42
43
38
29
18
8
5
18
32
50
218
455
435
234
206
213
191
147
167
174
72
5
59
126
179
211
229
231
185
63
25
26
13
12
8
7
7
42
119
66
130
641
736
175
29
41
8
83
196
274
228
79
4
0
1
22
67
97
113
71
190
468
578
399
135
8
14
7
5
4
16
18
12
7
8
11
24
29
22
12
5
2
13
26
35
39
40
39
36
32
28
25
23
21
20
20
20
20
20
21
23
24
24
23
21
20
20
20
21
24
28
32
36
40
43
43
40
35
26
15
7
1
4
13
26
35
39
36
24
17
146
421
580
426
145
109
182
185
159
127
48
13
87
171
211
232
230
194
109
19
32
21
11
10
8
8
9
34
111
90
156
632
740
179
15
27
37
43
33
235
275
103
3
0
0
8
28
39
36
209
488
636
492
207
22
20
4
12
18
16
8
5
8
14
17
20
25
33
40
44
46
42
32
18
9
6
6
4
4
14
24
31
36
39
40
40
40
40
40
40
41
43
43
41
40
40
40
39
37
34
28
20
12
7
3
0
3
8
18
29
38
42
39
34
29
24
17
3
14
22
63
239
505
625
478
215
29
94
100
68
24
11
87
205
217
112
49
10
34
45
30
15
11
11
9
8
8
22
95
109
183
630
744
181
11
12
18
46
34
225
281
105
0
4
9
17
30
85
245
495
646
527
251
46
24
22
17
19
4
13
19
12
2
5
5
5
8
13
19
23
25
30
37
41
43
45
46
44
38
29
20
13
8
5
4
4
4
4
4
5
7
5
4
4
1
0
0
0
2
8
15
21
28
36
42
44
43
40
37
32
28
25
23
18
9
1
14
25
20
12
23
66
253
515
644
540
305
106
24
15
7
5
54
190
277
160
35
42
40
31
19
11
8
8
7
7
7
11
72
111
209
646
747
182
8
9
11
34
20
216
270
95
37
80
120
151
204
333
530
645
533
267
59
20
30
19
17
29
32
22
37
76
95
82
47
15
5
4
4
4
5
8
14
19
23
24
24
25
29
36
40
44
47
48
48
47
45
44
44
44
45
47
46
42
40
40
40
41
43
43
40
35
29
25
25
27
27
23
18
15
12
9
8
12
23
27
27
13
15
32
28
10
53
235
483
640
597
411
223
121
91
82
61
108
249
195
38
25
11
13
12
7
7
8
7
7
7
7
47
87
218
684
749
182
7
7
9
34
14
213
261
74
154
247
312
371
463
583
627
501
262
66
14
28
24
15
10
15
34
86
198
300
330
300
217
126
67
33
11
2
3
4
5
4
4
3
3
6
10
15
20
24
26
25
24
23
21
20
20
20
21
23
23
21
20
21
23
24
23
21
20
19
16
12
9
8
9
11
11
9
9
15
36
87
155
192
179
110
48
29
18
11
14
37
189
418
606
639
533
398
305
254
221
167
190
173
43
18
11
11
10
8
8
8
7
7
7
5
29
49
190
731
713
243
182
182
181
184
188
287
338
312
421
448
451
503
579
576
445
251
103
50
47
48
53
56
57
57
45
116
240
259
211
241
236
173
103
57
47
55
56
53
52
52
52
52
52
52
51
49
48
48
49
51
52
52
52
52
52
52
52
52
51
49
48
48
48
49
50
49
48
47
45
43
42
43
44
43
42
44
47
41
56
134
197
202
223
164
52
44
52
50
45
45
71
177
365
555
645
614
516
438
415
400
353
275
196
180
180
180
181
183
185
187
187
186
187
188
188
174
173
715
664
713
748
745
743
732
723
787
903
951
906
797
712
652
568
437
303
220
194
197
208
219
228
235
239
241
253
317
423
506
544
511
428
346
293
256
228
217
216
216
215
213
212
212
213
215
216
216
216
216
215
213
212
211
209
208
208
208
208
208
207
205
204
205
207
208
208
209
211
212
212
212
212
212
213
215
216
216
216
220
248
308
369
387
375
319
239
215
218
220
218
211
202
207
258
376
523
651
729
768
797
822
815
772
738
732
736
740
744
748
751
753
756
760
763
764
759
755
731
704
